-3.56410146e+00 0.00000000e+00
-3.55696607e+00 0.00000000e+00
-3.54983068e+00 0.00000000e+00
-3.54269552e+00 0.00000000e+00
-3.53556013e+00 0.00000000e+00
-3.52842474e+00 0.00000000e+00
-3.52128935e+00 0.00000000e+00
-3.51415420e+00 0.00000000e+00
-3.50701880e+00 0.00000000e+00
-3.49988341e+00 0.00000000e+00
-3.49274802e+00 0.00000000e+00
-3.48561263e+00 0.00000000e+00
-3.47847748e+00 2.56680489e+00
-3.47134209e+00 1.89046812e+00
-3.46420670e+00 1.55401659e+00
-3.45707130e+00 1.25780320e+00
-3.44993615e+00 9.95516896e-01
-3.44280076e+00 7.70950139e-01
-3.43566537e+00 5.84641159e-01
-3.42852998e+00 4.34185416e-01
-3.42139459e+00 3.15553069e-01
-3.41425943e+00 2.24087819e-01
-3.40712404e+00 1.55103683e-01
-3.39998865e+00 1.04253642e-01
-3.39285326e+00 6.76949620e-02
-3.38571811e+00 4.21460308e-02
-3.37858272e+00 2.48847604e-02
-3.37144732e+00 1.37089333e-02
-3.36431193e+00 6.87880861e-03
-3.35717654e+00 3.04741948e-03
-3.35004139e+00 1.19789189e-03
-3.34290600e+00 5.82341396e-04
-3.33577061e+00 6.68079825e-04
-3.32863522e+00 1.08623167e-03
-3.32150006e+00 1.59853802e-03
-3.31436467e+00 2.06168648e-03
-3.30722928e+00 2.39738380e-03
-3.30009389e+00 2.57952069e-03
-3.29295874e+00 2.60866084e-03
-3.28582335e+00 2.50739045e-03
-3.27868795e+00 2.30799383e-03
-3.27155256e+00 2.04356317e-03
-3.26441717e+00 1.74794486e-03
-3.25728202e+00 1.45143841e-03
-3.25014663e+00 1.17733807e-03
-3.24301124e+00 9.44596890e-04
-3.23587584e+00 7.62762793e-04
-3.22874069e+00 6.38846483e-04
-3.22160530e+00 5.71751618e-04
-3.21446991e+00 5.58101921e-04
-3.20733452e+00 5.91078482e-04
-3.20019913e+00 6.60387333e-04
-3.19306397e+00 7.54561857e-04
-3.18592858e+00 8.60532396e-04
-3.17879319e+00 9.68630309e-04
-3.17165780e+00 1.06579321e-03
-3.16452265e+00 1.14318612e-03
-3.15738726e+00 1.19324320e-03
-3.15025187e+00 1.21095520e-03
-3.14311647e+00 1.19289290e-03
-3.13598108e+00 1.13884592e-03
-3.12884593e+00 1.05227926e-03
-3.12171054e+00 9.38623620e-04
-3.11457515e+00 8.04636744e-04
-3.10743976e+00 6.60974008e-04
-3.10030460e+00 5.21166716e-04
-3.09316921e+00 3.99309502e-04
-3.08603382e+00 3.11668380e-04
-3.07889843e+00 2.76198320e-04
-3.07176304e+00 3.10882839e-04
-3.06462789e+00 4.35000722e-04
-3.05749249e+00 6.68831461e-04
-3.05035710e+00 1.03043322e-03
-3.04322171e+00 1.53857318e-03
-3.03608656e+00 2.21122825e-03
-3.02895117e+00 3.06548900e-03
-3.02181578e+00 4.11486393e-03
-3.01468039e+00 5.37330471e-03
-3.00754499e+00 6.85131736e-03
-3.00040960e+00 8.55735037e-03
-2.99327445e+00 1.04978392e-02
-2.98613906e+00 1.26762036e-02
-2.97900367e+00 1.50925471e-02
-2.97186852e+00 1.77455675e-02
-2.96473312e+00 2.06296742e-02
-2.95759773e+00 2.37377621e-02
-2.95046234e+00 2.70588659e-02
-2.94332695e+00 3.05808354e-02
-2.93619156e+00 3.42874900e-02
-2.92905641e+00 3.81618589e-02
-2.92192101e+00 4.21832018e-02
-2.91478562e+00 4.63304296e-02
-2.90765047e+00 5.05800992e-02
-2.90051508e+00 5.49076945e-02
-2.89337969e+00 5.92867658e-02
-2.88624430e+00 6.36916086e-02
-2.87910891e+00 6.80938512e-02
-2.87197351e+00 7.24662691e-02
-2.86483836e+00 7.67815784e-02
-2.85770297e+00 8.10123906e-02
-2.85056758e+00 8.51314813e-02
-2.84343243e+00 8.91133174e-02
-2.83629704e+00 9.29328874e-02
-2.82916164e+00 9.65670124e-02
-2.82202625e+00 9.99920219e-02
-2.81489086e+00 1.03188172e-01
-2.80775547e+00 1.06136650e-01
-2.80062032e+00 1.08820051e-01
-2.79348493e+00 1.11224078e-01
-2.78634953e+00 1.13335423e-01
-2.77921438e+00 1.15143873e-01
-2.77207899e+00 1.16640657e-01
-2.76494360e+00 1.17820010e-01
-2.75780821e+00 1.18678316e-01
-2.75067282e+00 1.19213521e-01
-2.74353743e+00 1.19426444e-01
-2.73640227e+00 1.19320154e-01
-2.72926688e+00 1.18899368e-01
-2.72213149e+00 1.18170671e-01
-2.71499634e+00 1.17143214e-01
-2.70786095e+00 1.15827478e-01
-2.70072556e+00 1.14234500e-01
-2.69359016e+00 1.12379037e-01
-2.68645477e+00 1.10275082e-01
-2.67931938e+00 1.07939236e-01
-2.67218423e+00 1.05388284e-01
-2.66504884e+00 1.02639526e-01
-2.65791345e+00 9.97124836e-02
-2.65077829e+00 9.66255739e-02
-2.64364290e+00 9.33986008e-02
-2.63650751e+00 9.00507718e-02
-2.62937212e+00 8.66024494e-02
-2.62223673e+00 8.30726475e-02
-2.61510134e+00 7.94810653e-02
-2.60796618e+00 7.58472979e-02
-2.60083079e+00 7.21893981e-02
-2.59369540e+00 6.85256794e-02
-2.58656025e+00 6.48737177e-02
-2.57942486e+00 6.12501986e-02
-2.57228947e+00 5.76702319e-02
-2.56515408e+00 5.41496463e-02
-2.55801868e+00 5.07020652e-02
-2.55088329e+00 4.73407395e-02
-2.54374814e+00 4.40772623e-02
-2.53661275e+00 4.09227274e-02
-2.52947760e+00 3.78867760e-02
-2.52234221e+00 3.49781215e-02
-2.51520681e+00 3.22046652e-02
-2.50807142e+00 2.95726247e-02
-2.50093603e+00 2.70873830e-02
-2.49380064e+00 2.47539133e-02
-2.48666525e+00 2.25755107e-02
-2.47953010e+00 2.05551051e-02
-2.47239470e+00 1.86936632e-02
-2.46525955e+00 1.69925280e-02
-2.45812416e+00 1.54521335e-02
-2.45098877e+00 1.40710892e-02
-2.44385338e+00 1.28490338e-02
-2.43671799e+00 1.17834406e-02
-2.42958260e+00 1.08724097e-02
-2.42244720e+00 1.01129031e-02
-2.41531205e+00 9.50220600e-03
-2.40817666e+00 9.03683435e-03
-2.40104151e+00 8.71317834e-03
-2.39390612e+00 8.52744468e-03
-2.38677073e+00 8.47599842e-03
-2.37963533e+00 8.55473615e-03
-2.37249994e+00 8.75989720e-03
-2.36536455e+00 9.08802077e-03
-2.35822916e+00 9.53557435e-03
-2.35109401e+00 1.00989481e-02
-2.34395862e+00 1.07752960e-02
-2.33682346e+00 1.15618100e-02
-2.32968807e+00 1.24556981e-02
-2.32255268e+00 1.34551544e-02
-2.31541729e+00 1.45584214e-02
-2.30828190e+00 1.57638341e-02
-2.30114651e+00 1.70707442e-02
-2.29401112e+00 1.84782967e-02
-2.28687596e+00 1.99862272e-02
-2.27974057e+00 2.15950534e-02
-2.27260542e+00 2.33052056e-02
-2.26547003e+00 2.51178183e-02
-2.25833464e+00 2.70340443e-02
-2.25119925e+00 2.90557202e-02
-2.24406385e+00 3.11847515e-02
-2.23692846e+00 3.34232524e-02
-2.22979307e+00 3.57740261e-02
-2.22265792e+00 3.82390730e-02
-2.21552253e+00 4.08219583e-02
-2.20838737e+00 4.35252301e-02
-2.20125198e+00 4.63516898e-02
-2.19411659e+00 4.93051410e-02
-2.18698120e+00 5.23874313e-02
-2.17984581e+00 5.56024201e-02
-2.17271042e+00 5.89517280e-02
-2.16557503e+00 6.24385700e-02
-2.15843987e+00 6.60653710e-02
-2.15130448e+00 6.98332265e-02
-2.14416933e+00 7.37443864e-02
-2.13703394e+00 7.77997375e-02
-2.12989855e+00 8.20003003e-02
-2.12276316e+00 8.63455534e-02
-2.11562777e+00 9.08364803e-02
-2.10849237e+00 9.54705626e-02
-2.10135698e+00 1.00248098e-01
-2.09422183e+00 1.05165116e-01
-2.08708644e+00 1.10219590e-01
-2.07995129e+00 1.15408257e-01
-2.07281590e+00 1.20726258e-01
-2.06568050e+00 1.26168713e-01
-2.05854511e+00 1.31730065e-01
-2.05140972e+00 1.37403786e-01
-2.04427433e+00 1.43182963e-01
-2.03713894e+00 1.49058789e-01
-2.03000379e+00 1.55022249e-01
-2.02286839e+00 1.61065057e-01
-2.01573324e+00 1.67175636e-01
-2.00859785e+00 1.73344269e-01
-2.00146246e+00 1.79558560e-01
-1.99432707e+00 1.85806692e-01
-1.98719168e+00 1.92075118e-01
-1.98005641e+00 1.98351070e-01
-1.97292101e+00 2.04620302e-01
-1.96578574e+00 2.10868344e-01
-1.95865035e+00 2.17080966e-01
-1.95151508e+00 2.23242491e-01
-1.94437969e+00 2.29337648e-01
-1.93724442e+00 2.35350043e-01
-1.93010902e+00 2.41264254e-01
-1.92297363e+00 2.47064978e-01
-1.91583836e+00 2.52735198e-01
-1.90870297e+00 2.58258313e-01
-1.90156770e+00 2.63619453e-01
-1.89443231e+00 2.68802643e-01
-1.88729703e+00 2.73792207e-01
-1.88016164e+00 2.78572947e-01
-1.87302637e+00 2.83129781e-01
-1.86589098e+00 2.87448257e-01
-1.85875559e+00 2.91514397e-01
-1.85162032e+00 2.95314819e-01
-1.84448493e+00 2.98837394e-01
-1.83734965e+00 3.02069455e-01
-1.83021426e+00 3.04999679e-01
-1.82307899e+00 3.07618231e-01
-1.81594360e+00 3.09915006e-01
-1.80880833e+00 3.11881959e-01
-1.80167294e+00 3.13511401e-01
-1.79453754e+00 3.14796209e-01
-1.78740227e+00 3.15731198e-01
-1.78026688e+00 3.16312015e-01
-1.77313161e+00 3.16535085e-01
-1.76599622e+00 3.16398591e-01
-1.75886095e+00 3.15901309e-01
-1.75172555e+00 3.15043390e-01
-1.74459028e+00 3.13826323e-01
-1.73745489e+00 3.12252909e-01
-1.73031950e+00 3.10326636e-01
-1.72318423e+00 3.08052868e-01
-1.71604884e+00 3.05437714e-01
-1.70891356e+00 3.02488387e-01
-1.70177817e+00 2.99213856e-01
-1.69464290e+00 2.95623332e-01
-1.68750751e+00 2.91727841e-01
-1.68037224e+00 2.87539184e-01
-1.67323685e+00 2.83070475e-01
-1.66610146e+00 2.78335333e-01
-1.65896618e+00 2.73348749e-01
-1.65183079e+00 2.68126249e-01
-1.64469552e+00 2.62684762e-01
-1.63756013e+00 2.57041276e-01
-1.63042486e+00 2.51214087e-01
-1.62328947e+00 2.45221689e-01
-1.61615419e+00 2.39083484e-01
-1.60901880e+00 2.32818544e-01
-1.60188341e+00 2.26448566e-01
-1.59474814e+00 2.19992623e-01
-1.58761275e+00 2.13472024e-01
-1.58047748e+00 2.06908286e-01
-1.57334208e+00 2.00321659e-01
-1.56620681e+00 1.93734020e-01
-1.55907154e+00 1.87166288e-01
-1.55193615e+00 1.80640236e-01
-1.54480076e+00 1.74175605e-01
-1.53766537e+00 1.67793542e-01
-1.53052998e+00 1.61514685e-01
-1.52339482e+00 1.55358762e-01
-1.51625943e+00 1.49344489e-01
-1.50912404e+00 1.43491447e-01
-1.50198865e+00 1.37817577e-01
-1.49485350e+00 1.32340387e-01
-1.48771811e+00 1.27076671e-01
-1.48058271e+00 1.22041918e-01
-1.47344732e+00 1.17251761e-01
-1.46631193e+00 1.12719804e-01
-1.45917678e+00 1.08460113e-01
-1.45204139e+00 1.04483426e-01
-1.44490600e+00 1.00802310e-01
-1.43777061e+00 9.74257067e-02
-1.43063545e+00 9.43630636e-02
-1.42350006e+00 9.16219056e-02
-1.41636467e+00 8.92088711e-02
-1.40922928e+00 8.71287063e-02
-1.40209389e+00 8.53864998e-02
-1.39495873e+00 8.39848295e-02
-1.38782334e+00 8.29252899e-02
-1.38068795e+00 8.22083652e-02
-1.37355256e+00 8.18335712e-02
-1.36641741e+00 8.17987919e-02
-1.35928202e+00 8.21011439e-02
-1.35214663e+00 8.27361494e-02
-1.34501123e+00 8.36989209e-02
-1.33787584e+00 8.49822611e-02
-1.33074069e+00 8.65790695e-02
-1.32360530e+00 8.84807855e-02
-1.31646991e+00 9.06777605e-02
-1.30933452e+00 9.31593329e-02
-1.30219936e+00 9.59140211e-02
-1.29506397e+00 9.89293754e-02
-1.28792858e+00 1.02192707e-01
-1.28079319e+00 1.05689652e-01
-1.27365780e+00 1.09406278e-01
-1.26652265e+00 1.13326430e-01
-1.25938725e+00 1.17434755e-01
-1.25225186e+00 1.21715613e-01
-1.24511647e+00 1.26151353e-01
-1.23798132e+00 1.30724862e-01
-1.23084593e+00 1.35419711e-01
-1.22371054e+00 1.40217170e-01
-1.21657515e+00 1.45099536e-01
-1.20943975e+00 1.50049284e-01
-1.20230460e+00 1.55048117e-01
-1.19516921e+00 1.60077721e-01
-1.18803382e+00 1.65120557e-01
-1.18089843e+00 1.70158967e-01
-1.17376328e+00 1.75174624e-01
-1.16662788e+00 1.80150658e-01
-1.15949249e+00 1.85070366e-01
-1.15235710e+00 1.89916760e-01
-1.14522171e+00 1.94673210e-01
-1.13808656e+00 1.99324325e-01
-1.13095117e+00 2.03855291e-01
-1.12381577e+00 2.08250716e-01
-1.11668038e+00 2.12497219e-01
-1.10954523e+00 2.16580749e-01
-1.10240984e+00 2.20489278e-01
-1.09527445e+00 2.24210277e-01
-1.08813906e+00 2.27732986e-01
-1.08100367e+00 2.31046632e-01
-1.07386851e+00 2.34141469e-01
-1.06673312e+00 2.37009168e-01
-1.05959773e+00 2.39641324e-01
-1.05246234e+00 2.42030859e-01
-1.04532719e+00 2.44171217e-01
-1.03819180e+00 2.46057451e-01
-1.03105640e+00 2.47684702e-01
-1.02392101e+00 2.49049261e-01
-1.01678562e+00 2.50148267e-01
-1.00965047e+00 2.50979573e-01
-1.00251508e+00 2.51542121e-01
-9.95379686e-01 2.51835495e-01
-9.88244295e-01 2.51860142e-01
-9.81109142e-01 2.51617193e-01
-9.73973751e-01 2.51108885e-01
-9.66838360e-01 2.50337541e-01
-9.59702969e-01 2.49306962e-01
-9.52567577e-01 2.48021185e-01
-9.45432425e-01 2.46484920e-01
-9.38297033e-01 2.44703755e-01
-9.31161642e-01 2.42683455e-01
-9.24026251e-01 2.40430713e-01
-9.16891098e-01 2.37952679e-01
-9.09755707e-01 2.35257030e-01
-9.02620316e-01 2.32351631e-01
-8.95484924e-01 2.29244962e-01
-8.88349533e-01 2.25946173e-01
-8.81214380e-01 2.22464263e-01
-8.74078989e-01 2.18808785e-01
-8.66943598e-01 2.14989558e-01
-8.59808207e-01 2.11016700e-01
-8.52673054e-01 2.06900418e-01
-8.45537663e-01 2.02651054e-01
-8.38402271e-01 1.98279485e-01
-8.31266880e-01 1.93796024e-01
-8.24131727e-01 1.89211547e-01
-8.16996336e-01 1.84536919e-01
-8.09860945e-01 1.79782644e-01
-8.02725554e-01 1.74960136e-01
-7.95590162e-01 1.70079693e-01
-7.88455009e-01 1.65152073e-01
-7.81319618e-01 1.60187989e-01
-7.74184227e-01 1.55197904e-01
-7.67048836e-01 1.50192082e-01
-7.59913683e-01 1.45181015e-01
-7.52778292e-01 1.40174538e-01
-7.45642900e-01 1.35182500e-01
-7.38507509e-01 1.30214959e-01
-7.31372118e-01 1.25280797e-01
-7.24236965e-01 1.20390236e-01
-7.17101574e-01 1.15551427e-01
-7.09966183e-01 1.10773347e-01
-7.02830791e-01 1.06064893e-01
-6.95695639e-01 1.01434737e-01
-6.88560247e-01 9.68899801e-02
-6.81424856e-01 9.24392641e-02
-6.74289465e-01 8.80897492e-02
-6.67154074e-01 8.38490129e-02
-6.60018921e-01 7.97243565e-02
-6.52883530e-01 7.57220313e-02
-6.45748138e-01 7.18493238e-02
-6.38612747e-01 6.81117997e-02
-6.31477594e-01 6.45162761e-02
-6.24342203e-01 6.10680841e-02
-6.17206812e-01 5.77728450e-02
-6.10071421e-01 5.46359904e-02
-6.02936029e-01 5.16627356e-02
-5.95800877e-01 4.88578342e-02
-5.88665485e-01 4.62257676e-02
-5.81530094e-01 4.37711738e-02
-5.74394703e-01 4.14978787e-02
-5.67259550e-01 3.94102484e-02
-5.60124159e-01 3.75114195e-02
-5.52988768e-01 3.58052067e-02
-5.45853376e-01 3.42947096e-02
-5.38717985e-01 3.29827368e-02
-5.31582832e-01 3.18722762e-02
-5.24447441e-01 3.09655517e-02
-5.17312050e-01 3.02649010e-02
-5.10176659e-01 2.97723021e-02
-5.03041506e-01 2.94894017e-02
-4.95906115e-01 2.94177532e-02
-4.88770723e-01 2.95583867e-02
-4.81635332e-01 2.99123321e-02
-4.74499941e-01 3.04802209e-02
-4.67364788e-01 3.12622525e-02
-4.60229397e-01 3.22584622e-02
-4.53094006e-01 3.34686860e-02
-4.45958614e-01 3.48922834e-02
-4.38823462e-01 3.65282260e-02
-4.31688070e-01 3.83752696e-02
-4.24552679e-01 4.04318906e-02
-4.17417288e-01 4.26959060e-02
-4.10281897e-01 4.51651253e-02
-4.03146744e-01 4.78366427e-02
-3.96011353e-01 5.07075638e-02
-3.88875961e-01 5.37744127e-02
-3.81740570e-01 5.70330918e-02
-3.74605417e-01 6.04792200e-02
-3.67470026e-01 6.41082674e-02
-3.60334635e-01 6.79153055e-02
-3.53199244e-01 7.18942359e-02
-3.46063852e-01 7.60393739e-02
-3.38928699e-01 8.03440139e-02
-3.31793308e-01 8.48017111e-02
-3.24657917e-01 8.94049630e-02
-3.17522526e-01 9.41460580e-02
-3.10387373e-01 9.90168080e-02
-3.03251982e-01 1.04009092e-01
-2.96116590e-01 1.09113663e-01
-2.88981199e-01 1.14320941e-01
-2.81845808e-01 1.19621962e-01
-2.74710655e-01 1.25005484e-01
-2.67575264e-01 1.30462185e-01
-2.60439873e-01 1.35980681e-01
-2.53304482e-01 1.41550213e-01
-2.46169329e-01 1.47158965e-01
-2.39033937e-01 1.52795956e-01
-2.31898546e-01 1.58448666e-01
-2.24763155e-01 1.64104998e-01
-2.17627764e-01 1.69753134e-01
-2.10492611e-01 1.75379917e-01
-2.03357220e-01 1.80973306e-01
-1.96221828e-01 1.86520323e-01
-1.89086437e-01 1.92008317e-01
-1.81951284e-01 1.97424471e-01
-1.74815893e-01 2.02755749e-01
-1.67680502e-01 2.07989648e-01
-1.60545111e-01 2.13113621e-01
-1.53409719e-01 2.18115151e-01
-1.46274567e-01 2.22981691e-01
-1.39139175e-01 2.27701038e-01
-1.32003784e-01 2.32261613e-01
-1.24868393e-01 2.36651942e-01
-1.17733240e-01 2.40860209e-01
-1.10597849e-01 2.44876176e-01
-1.03462458e-01 2.48688996e-01
-9.63270664e-02 2.52289146e-01
-8.91916752e-02 2.55666792e-01
-8.20565224e-02 2.58812994e-01
-7.49211311e-02 2.61719525e-01
-6.77857399e-02 2.64378846e-01
-6.06503487e-02 2.66783386e-01
-5.35151958e-02 2.68927246e-01
-4.63798046e-02 2.70804286e-01
-3.92444134e-02 2.72409737e-01
-3.21090221e-02 2.73739547e-01
-2.49736309e-02 2.74790257e-01
-1.78384781e-02 2.75559127e-01
-1.07030869e-02 2.76044548e-01
-3.56769562e-03 2.76245773e-01
3.56769562e-03 2.76162356e-01
1.07028484e-02 2.75795519e-01
1.78382397e-02 2.75146872e-01
2.49736309e-02 2.74218976e-01
3.21090221e-02 2.73015410e-01
3.92444134e-02 2.71540433e-01
4.63795662e-02 2.69799441e-01
5.35149574e-02 2.67798573e-01
6.06503487e-02 2.65544713e-01
6.77857399e-02 2.63045609e-01
7.49208927e-02 2.60310292e-01
8.20562840e-02 2.57347792e-01
8.91916752e-02 2.54168540e-01
9.63270664e-02 2.50783503e-01
1.03462458e-01 2.47204497e-01
1.10597610e-01 2.43443847e-01
1.17733002e-01 2.39514381e-01
1.24868393e-01 2.35429853e-01
1.32003784e-01 2.31204569e-01
1.39138937e-01 2.26853281e-01
1.46274328e-01 2.22390890e-01
1.53409719e-01 2.17833012e-01
1.60545111e-01 2.13195965e-01
1.67680502e-01 2.08495736e-01
1.74815655e-01 2.03749403e-01
1.81951046e-01 1.98972791e-01
1.89086437e-01 1.94183663e-01
1.96221828e-01 1.89398557e-01
2.03356981e-01 1.84634998e-01
2.10492373e-01 1.79909408e-01
2.17627764e-01 1.75239041e-01
2.24763155e-01 1.70640618e-01
2.31898546e-01 1.66130722e-01
2.39033699e-01 1.61725834e-01
2.46169090e-01 1.57441586e-01
2.53304482e-01 1.53294072e-01
2.60439873e-01 1.49298340e-01
2.67575026e-01 1.45469010e-01
2.74710417e-01 1.41820297e-01
2.81845808e-01 1.38365924e-01
2.88981199e-01 1.35119095e-01
2.96116590e-01 1.32091522e-01
3.03251743e-01 1.29295394e-01
3.10387135e-01 1.26741230e-01
3.17522526e-01 1.24439143e-01
3.24657917e-01 1.22398175e-01
3.31793070e-01 1.20627053e-01
3.38928461e-01 1.19132794e-01
3.46063852e-01 1.17922001e-01
3.53199244e-01 1.17000461e-01
3.60334635e-01 1.16372764e-01
3.67469788e-01 1.16042331e-01
3.74605179e-01 1.16012089e-01
3.81740570e-01 1.16283499e-01
3.88875961e-01 1.16857201e-01
3.96011114e-01 1.17732972e-01
4.03146505e-01 1.18909590e-01
4.10281897e-01 1.20384485e-01
4.17417288e-01 1.22154519e-01
4.24552679e-01 1.24215521e-01
4.31687832e-01 1.26561970e-01
4.38823462e-01 1.29188076e-01
4.45958376e-01 1.32086515e-01
4.53093767e-01 1.35249734e-01
4.60229158e-01 1.38668671e-01
4.67364550e-01 1.42333910e-01
4.74499941e-01 1.46235093e-01
4.81635332e-01 1.50361151e-01
4.88770723e-01 1.54700309e-01
4.95906115e-01 1.59240097e-01
5.03041506e-01 1.63967714e-01
5.10176420e-01 1.68868735e-01
5.17311811e-01 1.73930109e-01
5.24447203e-01 1.79136783e-01
5.31582594e-01 1.84473857e-01
5.38717985e-01 1.89925879e-01
5.45853376e-01 1.95477366e-01
5.52988768e-01 2.01112315e-01
5.60124159e-01 2.06814617e-01
5.67259550e-01 2.12567866e-01
5.74394464e-01 2.18355477e-01
5.81529856e-01 2.24162146e-01
5.88665247e-01 2.29970425e-01
5.95800638e-01 2.35764638e-01
6.02936029e-01 2.41528273e-01
6.10071421e-01 2.47245803e-01
6.17206812e-01 2.52900660e-01
6.24342203e-01 2.58477718e-01
6.31477594e-01 2.63962269e-01
6.38612509e-01 2.69338012e-01
6.45747900e-01 2.74592251e-01
6.52883291e-01 2.79709935e-01
6.60018682e-01 2.84678012e-01
6.67154074e-01 2.89483398e-01
6.74289465e-01 2.94113249e-01
6.81424856e-01 2.98555821e-01
6.88560247e-01 3.02800357e-01
6.95695639e-01 3.06835651e-01
7.02830553e-01 3.10651451e-01
7.09965944e-01 3.14239293e-01
7.17101336e-01 3.17590445e-01
7.24236727e-01 3.20696652e-01
7.31372118e-01 3.23550731e-01
7.38507509e-01 3.26146543e-01
7.45642900e-01 3.28478307e-01
7.52778292e-01 3.30540925e-01
7.59913683e-01 3.32330436e-01
7.67048597e-01 3.33843052e-01
7.74183989e-01 3.35076660e-01
7.81319380e-01 3.36028814e-01
7.88454771e-01 3.36698383e-01
7.95590162e-01 3.37085009e-01
8.02725554e-01 3.37188751e-01
8.09860945e-01 3.37010592e-01
8.16996336e-01 3.36551785e-01
8.24131727e-01 3.35815072e-01
8.31266642e-01 3.34802896e-01
8.38402033e-01 3.33518893e-01
8.45537424e-01 3.31967086e-01
8.52672815e-01 3.30152094e-01
8.59808207e-01 3.28079075e-01
8.66943598e-01 3.25753599e-01
8.74078989e-01 3.23182166e-01
8.81214380e-01 3.20371181e-01
8.88349771e-01 3.17327857e-01
8.95484686e-01 3.14059526e-01
9.02620077e-01 3.10574114e-01
9.09755468e-01 3.06879818e-01
9.16890860e-01 3.02985221e-01
9.24026251e-01 2.98898727e-01
9.31161642e-01 2.94630021e-01
9.38297033e-01 2.90188223e-01
9.45432425e-01 2.85582423e-01
9.52567816e-01 2.80822814e-01
9.59702730e-01 2.75919199e-01
9.66838121e-01 2.70880997e-01
9.73973513e-01 2.65718728e-01
9.81108904e-01 2.60442078e-01
9.88244295e-01 2.55061984e-01
9.95379686e-01 2.49587908e-01
1.00251508e+00 2.44030729e-01
1.00965047e+00 2.38399938e-01
1.01678586e+00 2.32705787e-01
1.02392077e+00 2.26959363e-01
1.03105617e+00 2.21169546e-01
1.03819156e+00 2.15346649e-01
1.04532695e+00 2.09500656e-01
1.05246234e+00 2.03641400e-01
1.05959773e+00 1.97778121e-01
1.06673312e+00 1.91920742e-01
1.07386851e+00 1.86078548e-01
1.08100390e+00 1.80260554e-01
1.08813882e+00 1.74476102e-01
1.09527421e+00 1.68733448e-01
1.10240960e+00 1.63041919e-01
1.10954499e+00 1.57409400e-01
1.11668038e+00 1.51844606e-01
1.12381577e+00 1.46355301e-01
1.13095117e+00 1.40950128e-01
1.13808656e+00 1.35636225e-01
1.14522195e+00 1.30420923e-01
1.15235686e+00 1.25312403e-01
1.15949225e+00 1.20316505e-01
1.16662765e+00 1.15440741e-01
1.17376304e+00 1.10691927e-01
1.18089843e+00 1.06076345e-01
1.18803382e+00 1.01600163e-01
1.19516921e+00 9.72692817e-02
1.20230460e+00 9.30897892e-02
1.20943999e+00 8.90670195e-02
1.21657491e+00 8.52065310e-02
1.22371030e+00 8.15133005e-02
1.23084569e+00 7.79920146e-02
1.23798108e+00 7.46473297e-02
1.24511647e+00 7.14839771e-02
1.25225186e+00 6.85058758e-02
1.25938725e+00 6.57170936e-02
1.26652265e+00 6.31212518e-02
1.27365804e+00 6.07218109e-02
1.28079295e+00 5.85220605e-02
1.28792834e+00 5.65246157e-02
1.29506373e+00 5.47324680e-02
1.30219913e+00 5.31477742e-02
1.30933452e+00 5.17727025e-02
1.31646991e+00 5.06091341e-02
1.32360530e+00 4.96587269e-02
1.33074069e+00 4.89226021e-02
1.33787608e+00 4.84018326e-02
1.34501100e+00 4.80970703e-02
1.35214639e+00 4.80085462e-02
1.35928178e+00 4.81365137e-02
1.36641717e+00 4.84807342e-02
1.37355256e+00 4.90405373e-02
1.38068795e+00 4.98150177e-02
1.38782334e+00 5.08029833e-02
1.39495873e+00 5.20027317e-02
1.40209413e+00 5.34127392e-02
1.40922904e+00 5.50301671e-02
1.41636443e+00 5.68529181e-02
1.42349982e+00 5.88780642e-02
1.43063521e+00 6.11020811e-02
1.43777061e+00 6.35215193e-02
1.44490600e+00 6.61323443e-02
1.45204139e+00 6.89303353e-02
1.45917678e+00 7.19107464e-02
1.46631217e+00 7.50686377e-02
1.47344708e+00 7.83984587e-02
1.48058248e+00 8.18950981e-02
1.48771787e+00 8.55522603e-02
1.49485326e+00 8.93637091e-02
1.50198865e+00 9.33229551e-02
1.50912404e+00 9.74230766e-02
1.51625943e+00 1.01656817e-01
1.52339482e+00 1.06016606e-01
1.53053021e+00 1.10495046e-01
1.53766513e+00 1.15083463e-01
1.54480052e+00 1.19774736e-01
1.55193591e+00 1.24559954e-01
1.55907130e+00 1.29430085e-01
1.56620669e+00 1.34376705e-01
1.57334208e+00 1.39390782e-01
1.58047748e+00 1.44462913e-01
1.58761287e+00 1.49583980e-01
1.59474826e+00 1.54744163e-01
1.60188317e+00 1.59934133e-01
1.60901856e+00 1.65144235e-01
1.61615396e+00 1.70364901e-01
1.62328935e+00 1.75586045e-01
1.63042474e+00 1.80798352e-01
1.63756013e+00 1.85991436e-01
1.64469552e+00 1.91155776e-01
1.65183091e+00 1.96281612e-01
1.65896630e+00 2.01359153e-01
1.66610122e+00 2.06378177e-01
1.67323661e+00 2.11330354e-01
1.68037200e+00 2.16205373e-01
1.68750739e+00 2.20994011e-01
1.69464278e+00 2.25687370e-01
1.70177817e+00 2.30276093e-01
1.70891356e+00 2.34751254e-01
1.71604896e+00 2.39104852e-01
1.72318435e+00 2.43327707e-01
1.73031926e+00 2.47411773e-01
1.73745465e+00 2.51349598e-01
1.74459004e+00 2.55132973e-01
1.75172544e+00 2.58755028e-01
1.75886083e+00 2.62208164e-01
1.76599622e+00 2.65485764e-01
1.77313161e+00 2.68581092e-01
1.78026700e+00 2.71488428e-01
1.78740239e+00 2.74201632e-01
1.79453731e+00 2.76715189e-01
1.80167270e+00 2.79024154e-01
1.80880809e+00 2.81123757e-01
1.81594348e+00 2.83009470e-01
1.82307887e+00 2.84677535e-01
1.83021426e+00 2.86124021e-01
1.83734965e+00 2.87345886e-01
1.84448504e+00 2.88340300e-01
1.85162044e+00 2.89104879e-01
1.85875535e+00 2.89637506e-01
1.86589074e+00 2.89936841e-01
1.87302613e+00 2.90001392e-01
1.88016152e+00 2.89830565e-01
1.88729692e+00 2.89424002e-01
1.89443231e+00 2.88781792e-01
1.90156770e+00 2.87904441e-01
1.90870309e+00 2.86792934e-01
1.91583800e+00 2.85448611e-01
1.92297339e+00 2.83873141e-01
1.93010879e+00 2.82068759e-01
1.93724418e+00 2.80038148e-01
1.94437957e+00 2.77784258e-01
1.95151496e+00 2.75310487e-01
1.95865035e+00 2.72620648e-01
1.96578574e+00 2.69719094e-01
1.97292113e+00 2.66610414e-01
1.98005605e+00 2.63299733e-01
1.98719144e+00 2.59792209e-01
1.99432683e+00 2.56093711e-01
2.00146222e+00 2.52210498e-01
2.00859761e+00 2.48148590e-01
2.01573300e+00 2.43915468e-01
2.02286839e+00 2.39518017e-01
2.03000379e+00 2.34963596e-01
2.03713918e+00 2.30260178e-01
2.04427409e+00 2.25416079e-01
2.05140948e+00 2.20439225e-01
2.05854487e+00 2.15338334e-01
2.06568027e+00 2.10122555e-01
2.07281566e+00 2.04800606e-01
2.07995105e+00 1.99382365e-01
2.08708644e+00 1.93876922e-01
2.09422183e+00 1.88294053e-01
2.10135722e+00 1.82643786e-01
2.10849214e+00 1.76936522e-01
2.11562753e+00 1.71181604e-01
2.12276292e+00 1.65389657e-01
2.12989831e+00 1.59570903e-01
2.13703370e+00 1.53735682e-01
2.14416909e+00 1.47894725e-01
2.15130448e+00 1.42058298e-01
2.15843987e+00 1.36236995e-01
2.16557527e+00 1.30440861e-01
2.17271018e+00 1.24680795e-01
2.17984557e+00 1.18966699e-01
2.18698096e+00 1.13308623e-01
2.19411635e+00 1.07717216e-01
2.20125175e+00 1.02202177e-01
2.20838714e+00 9.67734382e-02
2.21552253e+00 9.14407223e-02
2.22265792e+00 8.62136930e-02
2.22979331e+00 8.11015442e-02
2.23692822e+00 7.61140287e-02
2.24406362e+00 7.12592155e-02
2.25119901e+00 6.65463656e-02
2.25833440e+00 6.19839877e-02
2.26546979e+00 5.75802438e-02
2.27260518e+00 5.33433743e-02
2.27974057e+00 4.92810197e-02
2.28687596e+00 4.54007126e-02
2.29401135e+00 4.17097956e-02
2.30114627e+00 3.82152088e-02
2.30828166e+00 3.49234268e-02
2.31541705e+00 3.18408869e-02
2.32255244e+00 2.89738514e-02
2.32968783e+00 2.63278726e-02
2.33682323e+00 2.39085164e-02
2.34395862e+00 2.17209309e-02
2.35109401e+00 1.97698493e-02
2.35822940e+00 1.80597920e-02
2.36536431e+00 1.65948980e-02
2.37249970e+00 1.53787192e-02
2.37963510e+00 1.44146280e-02
2.38677049e+00 1.37056643e-02
2.39390588e+00 1.32543240e-02
2.40104127e+00 1.30625600e-02
2.40817666e+00 1.31321223e-02
2.41531205e+00 1.34640532e-02
2.42244744e+00 1.40588582e-02
2.42958236e+00 1.49167059e-02
2.43671775e+00 1.60369035e-02
2.44385314e+00 1.74185485e-02
2.45098853e+00 1.90594681e-02
2.45812392e+00 2.09573060e-02
2.46525931e+00 2.31088363e-02
2.47239470e+00 2.55098753e-02
2.47953010e+00 2.81555261e-02
2.48666549e+00 3.10402103e-02
2.49380040e+00 3.41570452e-02
2.50093579e+00 3.74987088e-02
2.50807118e+00 4.10565920e-02
2.51520658e+00 4.48211059e-02
2.52234197e+00 4.87814657e-02
2.52947736e+00 5.29259853e-02
2.53661275e+00 5.72419465e-02
2.54374814e+00 6.17153198e-02
2.55088353e+00 6.63310811e-02
2.55801845e+00 7.10726976e-02
2.56515384e+00 7.59234503e-02
2.57228923e+00 8.08646828e-02
2.57942462e+00 8.58767927e-02
2.58656001e+00 9.09392983e-02
2.59369540e+00 9.60304812e-02
2.60083079e+00 1.01128161e-01
2.60796618e+00 1.06208801e-01
2.61510158e+00 1.11248203e-01
2.62223649e+00 1.16221465e-01
2.62937188e+00 1.21103890e-01
2.63650727e+00 1.25869274e-01
2.64364266e+00 1.30491808e-01
2.65077806e+00 1.34944990e-01
2.65791345e+00 1.39202878e-01
2.66504884e+00 1.43239483e-01
2.67218423e+00 1.47029489e-01
2.67931962e+00 1.50547892e-01
2.68645453e+00 1.53770357e-01
2.69358993e+00 1.56674236e-01
2.70072532e+00 1.59237579e-01
2.70786071e+00 1.61439851e-01
2.71499610e+00 1.63262427e-01
2.72213149e+00 1.64688423e-01
2.72926688e+00 1.65703207e-01
2.73640227e+00 1.66293919e-01
2.74353766e+00 1.66450739e-01
2.75067258e+00 1.66166365e-01
2.75780797e+00 1.65435910e-01
2.76494336e+00 1.64257869e-01
2.77207875e+00 1.62633389e-01
2.77921414e+00 1.60566926e-01
2.78634953e+00 1.58066213e-01
2.79348493e+00 1.55141890e-01
2.80062032e+00 1.51807994e-01
2.80775571e+00 1.48081645e-01
2.81489062e+00 1.43983141e-01
2.82202601e+00 1.39535502e-01
2.82916141e+00 1.34764656e-01
2.83629680e+00 1.29699305e-01
2.84343219e+00 1.24370597e-01
2.85056758e+00 1.18811496e-01
2.85770297e+00 1.13057226e-01
2.86483836e+00 1.07144341e-01
2.87197375e+00 1.01110540e-01
2.87910867e+00 9.49953496e-02
2.88624406e+00 8.88365433e-02
2.89337945e+00 8.26737508e-02
2.90051484e+00 7.65459612e-02
2.90765023e+00 7.04911128e-02
2.91478562e+00 6.45458996e-02
2.92192101e+00 5.87453693e-02
2.92905641e+00 5.31227402e-02
2.93619180e+00 4.77086082e-02
2.94332671e+00 4.25312333e-02
2.95046210e+00 3.76146659e-02
2.95759749e+00 3.29807922e-02
2.96473289e+00 2.86475103e-02
2.97186828e+00 2.46286951e-02
2.97900367e+00 2.09346823e-02
2.98613906e+00 1.75715107e-02
2.99327445e+00 1.45412674e-02
3.00040984e+00 1.18419817e-02
3.00754476e+00 9.46834777e-03
3.01468015e+00 7.41054863e-03
3.02181554e+00 5.65599930e-03
3.02895093e+00 4.18869220e-03
3.03608632e+00 2.98993452e-03
3.04322171e+00 2.03855126e-03
3.05035710e+00 1.31171045e-03
3.05749249e+00 7.84595672e-04
3.06462789e+00 4.32003697e-04
3.07176280e+00 2.27910248e-04
3.07889819e+00 1.46294435e-04
3.08603358e+00 1.62057811e-04
3.09316897e+00 2.50884099e-04
3.10030437e+00 3.90075758e-04
3.10743976e+00 5.58777130e-04
3.11457515e+00 7.38464529e-04
3.12171054e+00 9.13297990e-04
3.12884593e+00 1.06999022e-03
3.13598084e+00 1.19836780e-03
3.14311624e+00 1.29124371e-03
3.15025163e+00 1.34435669e-03
3.15738702e+00 1.35634304e-03
3.16452241e+00 1.32824224e-03
3.17165780e+00 1.26375561e-03
3.17879319e+00 1.16841635e-03
3.18592858e+00 1.04927737e-03
3.19306397e+00 9.14642820e-04
3.20019889e+00 7.73327250e-04
3.20733428e+00 6.33944001e-04
3.21446967e+00 5.05277305e-04
3.22160506e+00 3.94372473e-04
3.22874045e+00 3.07543349e-04
3.23587584e+00 2.48886994e-04
3.24301124e+00 2.20577582e-04
3.25014663e+00 2.22355739e-04
3.25728202e+00 2.51525402e-04
3.26441693e+00 3.03276611e-04
3.27155232e+00 3.70599941e-04
3.27868772e+00 4.44783422e-04
3.28582311e+00 5.15930355e-04
3.29295850e+00 5.74124337e-04
3.30009389e+00 6.09822397e-04
3.30722928e+00 6.15700264e-04
3.31436467e+00 5.88218274e-04
3.32150006e+00 5.28949487e-04
3.32863498e+00 4.47592727e-04
3.33577037e+00 3.64043866e-04
3.34290576e+00 3.12025455e-04
3.35004115e+00 3.42691230e-04
3.35717654e+00 5.29200421e-04
3.36431193e+00 9.71890811e-04
3.37144732e+00 1.80434459e-03
3.37858272e+00 3.20034451e-03
3.38571811e+00 5.38114086e-03
3.39285302e+00 8.62290431e-03
3.39998841e+00 1.32651851e-02
3.40712380e+00 1.97141785e-02
3.41425920e+00 2.84458473e-02
3.42139459e+00 3.99990901e-02
3.42852998e+00 5.49567938e-02
3.43566537e+00 7.39046037e-02
3.44280076e+00 9.73569825e-02
3.44993615e+00 1.25634596e-01
3.45707107e+00 1.58697456e-01
3.46420646e+00 1.96104363e-01
3.47134185e+00 2.38671705e-01
3.47847724e+00 3.24146599e-01
3.48561263e+00 0.00000000e+00
3.49274802e+00 0.00000000e+00
3.49988341e+00 0.00000000e+00
3.50701880e+00 0.00000000e+00
3.51415420e+00 0.00000000e+00
3.52128911e+00 0.00000000e+00
3.52842450e+00 0.00000000e+00
3.53555989e+00 0.00000000e+00
3.54269528e+00 0.00000000e+00
3.54983068e+00 0.00000000e+00
3.55696607e+00 0.00000000e+00
3.56410146e+00 0.00000000e+00
