-3.56410146e+00 0.00000000e+00
-3.55696607e+00 0.00000000e+00
-3.54983068e+00 0.00000000e+00
-3.54269552e+00 0.00000000e+00
-3.53556013e+00 0.00000000e+00
-3.52842474e+00 0.00000000e+00
-3.52128935e+00 0.00000000e+00
-3.51415420e+00 0.00000000e+00
-3.50701880e+00 0.00000000e+00
-3.49988341e+00 0.00000000e+00
-3.49274802e+00 0.00000000e+00
-3.48561263e+00 0.00000000e+00
-3.47847748e+00 5.41746616e-01
-3.47134209e+00 3.98940444e-01
-3.46420670e+00 3.27847660e-01
-3.45707130e+00 2.65329838e-01
-3.44993615e+00 2.10029408e-01
-3.44280076e+00 1.62711814e-01
-3.43566537e+00 1.23457693e-01
-3.42852998e+00 9.17449892e-02
-3.42139459e+00 6.67201579e-02
-3.41425943e+00 4.74047698e-02
-3.40712404e+00 3.28197256e-02
-3.39998865e+00 2.20565293e-02
-3.39285326e+00 1.43159907e-02
-3.38571811e+00 8.91093817e-03
-3.37858272e+00 5.27149253e-03
-3.37144732e+00 2.93228356e-03
-3.36431193e+00 1.52434199e-03
-3.35717654e+00 7.57757807e-04
-3.35004139e+00 4.12936322e-04
-3.34290600e+00 3.26585228e-04
-3.33577061e+00 3.81597871e-04
-3.32863522e+00 4.93931235e-04
-3.32150006e+00 6.12699194e-04
-3.31436467e+00 7.05325336e-04
-3.30722928e+00 7.56781432e-04
-3.30009389e+00 7.62587530e-04
-3.29295874e+00 7.28517363e-04
-3.28582335e+00 6.61421276e-04
-3.27868795e+00 5.75900020e-04
-3.27155256e+00 4.82893229e-04
-3.26441717e+00 3.94790666e-04
-3.25728202e+00 3.22368287e-04
-3.25014663e+00 2.73851823e-04
-3.24301124e+00 2.55406747e-04
-3.23587584e+00 2.68934004e-04
-3.22874069e+00 3.15950369e-04
-3.22160530e+00 3.92492715e-04
-3.21446991e+00 4.95399465e-04
-3.20733452e+00 6.17548765e-04
-3.20019913e+00 7.51076732e-04
-3.19306397e+00 8.87393777e-04
-3.18592858e+00 1.01592939e-03
-3.17879319e+00 1.12992327e-03
-3.17165780e+00 1.21935213e-03
-3.16452265e+00 1.27776351e-03
-3.15738726e+00 1.29930733e-03
-3.15025187e+00 1.28171209e-03
-3.14311647e+00 1.22353248e-03
-3.13598108e+00 1.12607342e-03
-3.12884593e+00 9.94484406e-04
-3.12171054e+00 8.35711020e-04
-3.11457515e+00 6.60741527e-04
-3.10743976e+00 4.82095260e-04
-3.10030460e+00 3.15233803e-04
-3.09316921e+00 1.79393901e-04
-3.08603382e+00 9.36996439e-05
-3.07889843e+00 8.12546859e-05
-3.07176304e+00 1.64797442e-04
-3.06462789e+00 3.68398876e-04
-3.05749249e+00 7.18477997e-04
-3.05035710e+00 1.23799348e-03
-3.04322171e+00 1.95164653e-03
-3.03608656e+00 2.88294419e-03
-3.02895117e+00 4.05524299e-03
-3.02181578e+00 5.48614515e-03
-3.01468039e+00 7.19529344e-03
-3.00754499e+00 9.19728074e-03
-3.00040960e+00 1.15035493e-02
-2.99327445e+00 1.41241355e-02
-2.98613906e+00 1.70642138e-02
-2.97900367e+00 2.03248467e-02
-2.97186852e+00 2.39052586e-02
-2.96473312e+00 2.77985185e-02
-2.95759773e+00 3.19963060e-02
-2.95046234e+00 3.64844128e-02
-2.94332695e+00 4.12465557e-02
-2.93619156e+00 4.62620631e-02
-2.92905641e+00 5.15077822e-02
-2.92192101e+00 5.69566153e-02
-2.91478562e+00 6.25795871e-02
-2.90765047e+00 6.83453232e-02
-2.90051508e+00 7.42200240e-02
-2.89337969e+00 8.01684409e-02
-2.88624430e+00 8.61541480e-02
-2.87910891e+00 9.21396911e-02
-2.87197351e+00 9.80866253e-02
-2.86483836e+00 1.03957556e-01
-2.85770297e+00 1.09714612e-01
-2.85056758e+00 1.15320429e-01
-2.84343243e+00 1.20739646e-01
-2.83629704e+00 1.25937551e-01
-2.82916164e+00 1.30881682e-01
-2.82202625e+00 1.35539934e-01
-2.81489086e+00 1.39884621e-01
-2.80775547e+00 1.43889710e-01
-2.80062032e+00 1.47531122e-01
-2.79348493e+00 1.50789425e-01
-2.78634953e+00 1.53646201e-01
-2.77921438e+00 1.56087145e-01
-2.77207899e+00 1.58100709e-01
-2.76494360e+00 1.59678891e-01
-2.75780821e+00 1.60817504e-01
-2.75067282e+00 1.61513686e-01
-2.74353743e+00 1.61768749e-01
-2.73640227e+00 1.61587805e-01
-2.72926688e+00 1.60977677e-01
-2.72213149e+00 1.59947857e-01
-2.71499634e+00 1.58511594e-01
-2.70786095e+00 1.56683743e-01
-2.70072556e+00 1.54480323e-01
-2.69359016e+00 1.51921794e-01
-2.68645477e+00 1.49028331e-01
-2.67931938e+00 1.45822763e-01
-2.67218423e+00 1.42329201e-01
-2.66504884e+00 1.38571173e-01
-2.65791345e+00 1.34576291e-01
-2.65077829e+00 1.30369633e-01
-2.64364290e+00 1.25978947e-01
-2.63650751e+00 1.21430278e-01
-2.62937212e+00 1.16751522e-01
-2.62223673e+00 1.11968845e-01
-2.61510134e+00 1.07108310e-01
-2.60796618e+00 1.02196649e-01
-2.60083079e+00 9.72580910e-02
-2.59369540e+00 9.23166126e-02
-2.58656025e+00 8.73954296e-02
-2.57942486e+00 8.25161338e-02
-2.57228947e+00 7.76985139e-02
-2.56515408e+00 7.29627684e-02
-2.55801868e+00 6.83255121e-02
-2.55088329e+00 6.38033003e-02
-2.54374814e+00 5.94103932e-02
-2.53661275e+00 5.51598296e-02
-2.52947760e+00 5.10626249e-02
-2.52234221e+00 4.71284799e-02
-2.51520681e+00 4.33652252e-02
-2.50807142e+00 3.97796072e-02
-2.50093603e+00 3.63761708e-02
-2.49380064e+00 3.31587084e-02
-2.48666525e+00 3.01292092e-02
-2.47953010e+00 2.72889156e-02
-2.47239470e+00 2.46357471e-02
-2.46525955e+00 2.21694075e-02
-2.45812416e+00 1.98866241e-02
-2.45098877e+00 1.77830420e-02
-2.44385338e+00 1.58547256e-02
-2.43671799e+00 1.40954694e-02
-2.42958260e+00 1.24996351e-02
-2.42244720e+00 1.10601410e-02
-2.41531205e+00 9.77023132e-03
-2.40817666e+00 8.62193666e-03
-2.40104151e+00 7.60795269e-03
-2.39390612e+00 6.71960460e-03
-2.38677073e+00 5.94948791e-03
-2.37963533e+00 5.28919883e-03
-2.37249994e+00 4.73094033e-03
-2.36536455e+00 4.26741131e-03
-2.35822916e+00 3.89107969e-03
-2.35109401e+00 3.59480549e-03
-2.34395862e+00 3.37235467e-03
-2.33682346e+00 3.21756350e-03
-2.32968807e+00 3.12484917e-03
-2.32255268e+00 3.08913249e-03
-2.31541729e+00 3.10629350e-03
-2.30828190e+00 3.17260856e-03
-2.30114651e+00 3.28497053e-03
-2.29401112e+00 3.44102760e-03
-2.28687596e+00 3.63923539e-03
-2.27974057e+00 3.87829216e-03
-2.27260542e+00 4.15804004e-03
-2.26547003e+00 4.47896402e-03
-2.25833464e+00 4.84165503e-03
-2.25119925e+00 5.24798408e-03
-2.24406385e+00 5.69981802e-03
-2.23692846e+00 6.19995128e-03
-2.22979307e+00 6.75167609e-03
-2.22265792e+00 7.35809980e-03
-2.21552253e+00 8.02369229e-03
-2.20838737e+00 8.75231717e-03
-2.20125198e+00 9.54893045e-03
-2.19411659e+00 1.04181552e-02
-2.18698120e+00 1.13648409e-02
-2.17984581e+00 1.23941237e-02
-2.17271042e+00 1.35111045e-02
-2.16557503e+00 1.47206020e-02
-2.15843987e+00 1.60278920e-02
-2.15130448e+00 1.74373370e-02
-2.14416933e+00 1.89537536e-02
-2.13703394e+00 2.05812231e-02
-2.12989855e+00 2.23239362e-02
-2.12276316e+00 2.41849106e-02
-2.11562777e+00 2.61679757e-02
-2.10849237e+00 2.82749161e-02
-2.10135698e+00 3.05087827e-02
-2.09422183e+00 3.28698345e-02
-2.08708644e+00 3.53596732e-02
-2.07995129e+00 3.79786044e-02
-2.07281590e+00 4.07259054e-02
-2.06568050e+00 4.36002314e-02
-2.05854511e+00 4.66001220e-02
-2.05140972e+00 4.97230627e-02
-2.04427433e+00 5.29657304e-02
-2.03713894e+00 5.63237257e-02
-2.03000379e+00 5.97923137e-02
-2.02286839e+00 6.33664951e-02
-2.01573324e+00 6.70395121e-02
-2.00859785e+00 7.08052441e-02
-2.00146246e+00 7.46554583e-02
-1.99432707e+00 7.85824358e-02
-1.98719168e+00 8.25769603e-02
-1.98005641e+00 8.66301134e-02
-1.97292101e+00 9.07315835e-02
-1.96578574e+00 9.48715135e-02
-1.95865035e+00 9.90387276e-02
-1.95151508e+00 1.03222385e-01
-1.94437969e+00 1.07410848e-01
-1.93724442e+00 1.11591555e-01
-1.93010902e+00 1.15753219e-01
-1.92297363e+00 1.19883783e-01
-1.91583836e+00 1.23970456e-01
-1.90870297e+00 1.28000394e-01
-1.90156770e+00 1.31961942e-01
-1.89443231e+00 1.35842562e-01
-1.88729703e+00 1.39630020e-01
-1.88016164e+00 1.43312246e-01
-1.87302637e+00 1.46877363e-01
-1.86589098e+00 1.50314018e-01
-1.85875559e+00 1.53610721e-01
-1.85162032e+00 1.56756863e-01
-1.84448493e+00 1.59742594e-01
-1.83734965e+00 1.62557513e-01
-1.83021426e+00 1.65192395e-01
-1.82307899e+00 1.67639032e-01
-1.81594360e+00 1.69888929e-01
-1.80880833e+00 1.71935275e-01
-1.80167294e+00 1.73771322e-01
-1.79453754e+00 1.75390616e-01
-1.78740227e+00 1.76788479e-01
-1.78026688e+00 1.77960455e-01
-1.77313161e+00 1.78902924e-01
-1.76599622e+00 1.79613322e-01
-1.75886095e+00 1.80089578e-01
-1.75172555e+00 1.80330530e-01
-1.74459028e+00 1.80335969e-01
-1.73745489e+00 1.80106699e-01
-1.73031950e+00 1.79643676e-01
-1.72318423e+00 1.78949520e-01
-1.71604884e+00 1.78027079e-01
-1.70891356e+00 1.76879972e-01
-1.70177817e+00 1.75513282e-01
-1.69464290e+00 1.73931614e-01
-1.68750751e+00 1.72141582e-01
-1.68037224e+00 1.70149520e-01
-1.67323685e+00 1.67963013e-01
-1.66610146e+00 1.65589750e-01
-1.65896618e+00 1.63038656e-01
-1.65183079e+00 1.60318553e-01
-1.64469552e+00 1.57439157e-01
-1.63756013e+00 1.54410467e-01
-1.63042486e+00 1.51243001e-01
-1.62328947e+00 1.47947505e-01
-1.61615419e+00 1.44535244e-01
-1.60901880e+00 1.41017124e-01
-1.60188341e+00 1.37405738e-01
-1.59474814e+00 1.33711934e-01
-1.58761275e+00 1.29948065e-01
-1.58047748e+00 1.26126245e-01
-1.57334208e+00 1.22258089e-01
-1.56620681e+00 1.18356049e-01
-1.55907154e+00 1.14431791e-01
-1.55193615e+00 1.10497758e-01
-1.54480076e+00 1.06564857e-01
-1.53766537e+00 1.02645002e-01
-1.53052998e+00 9.87496153e-02
-1.52339482e+00 9.48897973e-02
-1.51625943e+00 9.10757706e-02
-1.50912404e+00 8.73184577e-02
-1.50198865e+00 8.36275965e-02
-1.49485350e+00 8.00129771e-02
-1.48771811e+00 7.64838010e-02
-1.48058271e+00 7.30484799e-02
-1.47344732e+00 6.97156340e-02
-1.46631193e+00 6.64928555e-02
-1.45917678e+00 6.33879155e-02
-1.45204139e+00 6.04065508e-02
-1.44490600e+00 5.75561598e-02
-1.43777061e+00 5.48415408e-02
-1.43063545e+00 5.22683375e-02
-1.42350006e+00 4.98410054e-02
-1.41636467e+00 4.75634672e-02
-1.40922928e+00 4.54387181e-02
-1.40209389e+00 4.34705168e-02
-1.39495873e+00 4.16607708e-02
-1.38782334e+00 4.00113575e-02
-1.38068795e+00 3.85234132e-02
-1.37355256e+00 3.71977799e-02
-1.36641741e+00 3.60347293e-02
-1.35928202e+00 3.50339301e-02
-1.35214663e+00 3.41945700e-02
-1.34501123e+00 3.35158296e-02
-1.33787584e+00 3.29953395e-02
-1.33074069e+00 3.26317511e-02
-1.32360530e+00 3.24223302e-02
-1.31646991e+00 3.23640890e-02
-1.30933452e+00 3.24539617e-02
-1.30219936e+00 3.26884016e-02
-1.29506397e+00 3.30632254e-02
-1.28792858e+00 3.35748158e-02
-1.28079319e+00 3.42182107e-02
-1.27365780e+00 3.49893235e-02
-1.26652265e+00 3.58826630e-02
-1.25938725e+00 3.68933603e-02
-1.25225186e+00 3.80164534e-02
-1.24511647e+00 3.92462760e-02
-1.23798132e+00 4.05773148e-02
-1.23084593e+00 4.20043953e-02
-1.22371054e+00 4.35211062e-02
-1.21657515e+00 4.51219678e-02
-1.20943975e+00 4.68014441e-02
-1.20230460e+00 4.85535003e-02
-1.19516921e+00 5.03719188e-02
-1.18803382e+00 5.22516966e-02
-1.18089843e+00 5.41864969e-02
-1.17376328e+00 5.61705902e-02
-1.16662788e+00 5.81982769e-02
-1.15949249e+00 6.02642260e-02
-1.15235710e+00 6.23628907e-02
-1.14522171e+00 6.44882396e-02
-1.13808656e+00 6.66352287e-02
-1.13095117e+00 6.87990263e-02
-1.12381577e+00 7.09738135e-02
-1.11668038e+00 7.31551126e-02
-1.10954523e+00 7.53375962e-02
-1.10240984e+00 7.75168240e-02
-1.09527445e+00 7.96879679e-02
-1.08813906e+00 8.18466395e-02
-1.08100367e+00 8.39885250e-02
-1.07386851e+00 8.61089751e-02
-1.06673312e+00 8.82043988e-02
-1.05959773e+00 9.02707726e-02
-1.05246234e+00 9.23039690e-02
-1.04532719e+00 9.43002701e-02
-1.03819180e+00 9.62565541e-02
-1.03105640e+00 9.81690809e-02
-1.02392101e+00 1.00034535e-01
-1.01678562e+00 1.01849787e-01
-1.00965047e+00 1.03611581e-01
-1.00251508e+00 1.05317190e-01
-9.95379686e-01 1.06963605e-01
-9.88244295e-01 1.08548336e-01
-9.81109142e-01 1.10068329e-01
-9.73973751e-01 1.11521542e-01
-9.66838360e-01 1.12905219e-01
-9.59702969e-01 1.14217192e-01
-9.52567577e-01 1.15455240e-01
-9.45432425e-01 1.16617367e-01
-9.38297033e-01 1.17701396e-01
-9.31161642e-01 1.18705377e-01
-9.24026251e-01 1.19627818e-01
-9.16891098e-01 1.20466687e-01
-9.09755707e-01 1.21220574e-01
-9.02620316e-01 1.21887870e-01
-8.95484924e-01 1.22467481e-01
-8.88349533e-01 1.22957900e-01
-8.81214380e-01 1.23357922e-01
-8.74078989e-01 1.23667032e-01
-8.66943598e-01 1.23883717e-01
-8.59808207e-01 1.24007866e-01
-8.52673054e-01 1.24038480e-01
-8.45537663e-01 1.23975255e-01
-8.38402271e-01 1.23817921e-01
-8.31266880e-01 1.23566300e-01
-8.24131727e-01 1.23220682e-01
-8.16996336e-01 1.22781195e-01
-8.09860945e-01 1.22247942e-01
-8.02725554e-01 1.21622153e-01
-7.95590162e-01 1.20904349e-01
-7.88455009e-01 1.20095603e-01
-7.81319618e-01 1.19197302e-01
-7.74184227e-01 1.18211024e-01
-7.67048836e-01 1.17138386e-01
-7.59913683e-01 1.15981452e-01
-7.52778292e-01 1.14742495e-01
-7.45642900e-01 1.13423996e-01
-7.38507509e-01 1.12028994e-01
-7.31372118e-01 1.10560149e-01
-7.24236965e-01 1.09021127e-01
-7.17101574e-01 1.07415326e-01
-7.09966183e-01 1.05746716e-01
-7.02830791e-01 1.04019530e-01
-6.95695639e-01 1.02238290e-01
-6.88560247e-01 1.00407287e-01
-6.81424856e-01 9.85319912e-02
-6.74289465e-01 9.66172889e-02
-6.67154074e-01 9.46690068e-02
-6.60018921e-01 9.26929265e-02
-6.52883530e-01 9.06948522e-02
-6.45748138e-01 8.86813775e-02
-6.38612747e-01 8.66586566e-02
-6.31477594e-01 8.46336484e-02
-6.24342203e-01 8.26131850e-02
-6.17206812e-01 8.06044042e-02
-6.10071421e-01 7.86144733e-02
-6.02936029e-01 7.66510069e-02
-5.95800877e-01 7.47215301e-02
-5.88665485e-01 7.28336051e-02
-5.81530094e-01 7.09951669e-02
-5.74394703e-01 6.92138001e-02
-5.67259550e-01 6.74977750e-02
-5.60124159e-01 6.58545047e-02
-5.52988768e-01 6.42922595e-02
-5.45853376e-01 6.28187060e-02
-5.38717985e-01 6.14416115e-02
-5.31582832e-01 6.01687990e-02
-5.24447441e-01 5.90077266e-02
-5.17312050e-01 5.79658449e-02
-5.10176659e-01 5.70504218e-02
-5.03041506e-01 5.62684983e-02
-4.95906115e-01 5.56267612e-02
-4.88770723e-01 5.51317818e-02
-4.81635332e-01 5.47898076e-02
-4.74499941e-01 5.46067730e-02
-4.67364788e-01 5.45879342e-02
-4.60229397e-01 5.47387563e-02
-4.53094006e-01 5.50638139e-02
-4.45958614e-01 5.55674620e-02
-4.38823462e-01 5.62533699e-02
-4.31688070e-01 5.71251065e-02
-4.24552679e-01 5.81853688e-02
-4.17417288e-01 5.94365001e-02
-4.10281897e-01 6.08800091e-02
-4.03146744e-01 6.25173301e-02
-3.96011353e-01 6.43487945e-02
-3.88875961e-01 6.63747936e-02
-3.81740570e-01 6.85943514e-02
-3.74605417e-01 7.10062757e-02
-3.67470026e-01 7.36085922e-02
-3.60334635e-01 7.63993189e-02
-3.53199244e-01 7.93745369e-02
-3.46063852e-01 8.25309157e-02
-3.38928699e-01 8.58637318e-02
-3.31793308e-01 8.93681869e-02
-3.24657917e-01 9.30385962e-02
-3.17522526e-01 9.68684182e-02
-3.10387373e-01 1.00850828e-01
-3.03251982e-01 1.04978487e-01
-2.96116590e-01 1.09243393e-01
-2.88981199e-01 1.13636434e-01
-2.81845808e-01 1.18149087e-01
-2.74710655e-01 1.22770846e-01
-2.67575264e-01 1.27492428e-01
-2.60439873e-01 1.32302701e-01
-2.53304482e-01 1.37190878e-01
-2.46169329e-01 1.42145276e-01
-2.39033937e-01 1.47154689e-01
-2.31898546e-01 1.52206436e-01
-2.24763155e-01 1.57288179e-01
-2.17627764e-01 1.62387744e-01
-2.10492611e-01 1.67491674e-01
-2.03357220e-01 1.72587588e-01
-1.96221828e-01 1.77662060e-01
-1.89086437e-01 1.82702020e-01
-1.81951284e-01 1.87694207e-01
-1.74815893e-01 1.92625269e-01
-1.67680502e-01 1.97482184e-01
-1.60545111e-01 2.02252045e-01
-1.53409719e-01 2.06921875e-01
-1.46274567e-01 2.11478874e-01
-1.39139175e-01 2.15910465e-01
-1.32003784e-01 2.20204681e-01
-1.24868393e-01 2.24349812e-01
-1.17733240e-01 2.28333727e-01
-1.10597849e-01 2.32146040e-01
-1.03462458e-01 2.35775620e-01
-9.63270664e-02 2.39212558e-01
-8.91916752e-02 2.42447063e-01
-8.20565224e-02 2.45469928e-01
-7.49211311e-02 2.48272866e-01
-6.77857399e-02 2.50847787e-01
-6.06503487e-02 2.53187418e-01
-5.35151958e-02 2.55285263e-01
-4.63798046e-02 2.57135332e-01
-3.92444134e-02 2.58732557e-01
-3.21090221e-02 2.60072291e-01
-2.49736309e-02 2.61150897e-01
-1.78384781e-02 2.61965424e-01
-1.07030869e-02 2.62513697e-01
-3.56769562e-03 2.62794256e-01
3.56769562e-03 2.62806594e-01
1.07028484e-02 2.62550741e-01
1.78382397e-02 2.62027651e-01
2.49736309e-02 2.61239231e-01
3.21090221e-02 2.60187805e-01
3.92444134e-02 2.58876532e-01
4.63795662e-02 2.57309794e-01
5.35149574e-02 2.55491942e-01
6.06503487e-02 2.53428698e-01
6.77857399e-02 2.51126051e-01
7.49208927e-02 2.48591349e-01
8.20562840e-02 2.45831773e-01
8.91916752e-02 2.42855370e-01
9.63270664e-02 2.39671066e-01
1.03462458e-01 2.36288100e-01
1.10597610e-01 2.32716694e-01
1.17733002e-01 2.28966936e-01
1.24868393e-01 2.25049615e-01
1.32003784e-01 2.20976278e-01
1.39138937e-01 2.16758758e-01
1.46274328e-01 2.12408826e-01
1.53409719e-01 2.07938850e-01
1.60545111e-01 2.03362018e-01
1.67680502e-01 1.98690802e-01
1.74815655e-01 1.93939015e-01
1.81951046e-01 1.89119101e-01
1.89086437e-01 1.84245437e-01
1.96221828e-01 1.79330900e-01
2.03356981e-01 1.74389824e-01
2.10492373e-01 1.69435099e-01
2.17627764e-01 1.64480805e-01
2.24763155e-01 1.59540311e-01
2.31898546e-01 1.54627189e-01
2.39033699e-01 1.49754763e-01
2.46169090e-01 1.44935906e-01
2.53304482e-01 1.40184090e-01
2.60439873e-01 1.35511771e-01
2.67575026e-01 1.30931258e-01
2.74710417e-01 1.26454875e-01
2.81845808e-01 1.22094452e-01
2.88981199e-01 1.17861830e-01
2.96116590e-01 1.13767453e-01
3.03251743e-01 1.09822638e-01
3.10387135e-01 1.06037527e-01
3.17522526e-01 1.02422029e-01
3.24657917e-01 9.89853218e-02
3.31793070e-01 9.57370773e-02
3.38928461e-01 9.26851928e-02
3.46063852e-01 8.98377150e-02
3.53199244e-01 8.72024372e-02
3.60334635e-01 8.47863480e-02
3.67469788e-01 8.25957283e-02
3.74605179e-01 8.06368217e-02
3.81740570e-01 7.89147690e-02
3.88875961e-01 7.74343982e-02
3.96011114e-01 7.62006417e-02
4.03146505e-01 7.52169192e-02
4.10281897e-01 7.44865835e-02
4.17417288e-01 7.40124360e-02
4.24552679e-01 7.37967789e-02
4.31687832e-01 7.38414302e-02
4.38823462e-01 7.41475001e-02
4.45958376e-01 7.47156441e-02
4.53093767e-01 7.55463243e-02
4.60229158e-01 7.66390041e-02
4.67364550e-01 7.79930949e-02
4.74499941e-01 7.96072260e-02
4.81635332e-01 8.14797208e-02
4.88770723e-01 8.36084634e-02
4.95906115e-01 8.59907120e-02
5.03041506e-01 8.86235312e-02
5.10176420e-01 9.15029198e-02
5.17311811e-01 9.46255997e-02
5.24447203e-01 9.79867950e-02
5.31582594e-01 1.01581909e-01
5.38717985e-01 1.05405606e-01
5.45853376e-01 1.09452583e-01
5.52988768e-01 1.13716707e-01
5.60124159e-01 1.18191823e-01
5.67259550e-01 1.22870922e-01
5.74394464e-01 1.27746895e-01
5.81529856e-01 1.32813185e-01
5.88665247e-01 1.38061270e-01
5.95800638e-01 1.43483594e-01
6.02936029e-01 1.49071544e-01
6.10071421e-01 1.54816777e-01
6.17206812e-01 1.60709813e-01
6.24342203e-01 1.66741490e-01
6.31477594e-01 1.72902808e-01
6.38612509e-01 1.79182515e-01
6.45747900e-01 1.85572237e-01
6.52883291e-01 1.92060545e-01
6.60018682e-01 1.98637426e-01
6.67154074e-01 2.05291778e-01
6.74289465e-01 2.12012246e-01
6.81424856e-01 2.18787193e-01
6.88560247e-01 2.25606233e-01
6.95695639e-01 2.32456788e-01
7.02830553e-01 2.39326134e-01
7.09965944e-01 2.46204048e-01
7.17101336e-01 2.53077507e-01
7.24236727e-01 2.59933710e-01
7.31372118e-01 2.66760468e-01
7.38507509e-01 2.73545176e-01
7.45642900e-01 2.80275017e-01
7.52778292e-01 2.86937177e-01
7.59913683e-01 2.93518901e-01
7.67048597e-01 3.00006747e-01
7.74183989e-01 3.06389034e-01
7.81319380e-01 3.12651992e-01
7.88454771e-01 3.18783283e-01
7.95590162e-01 3.24770153e-01
8.02725554e-01 3.30599517e-01
8.09860945e-01 3.36259216e-01
8.16996336e-01 3.41736704e-01
8.24131727e-01 3.47020090e-01
8.31266642e-01 3.52096677e-01
8.38402033e-01 3.56955707e-01
8.45537424e-01 3.61585021e-01
8.52672815e-01 3.65974039e-01
8.59808207e-01 3.70111555e-01
8.66943598e-01 3.73987585e-01
8.74078989e-01 3.77591550e-01
8.81214380e-01 3.80914062e-01
8.88349771e-01 3.83946300e-01
8.95484686e-01 3.86679649e-01
9.02620077e-01 3.89105827e-01
9.09755468e-01 3.91217589e-01
9.16890860e-01 3.93008024e-01
9.24026251e-01 3.94471139e-01
9.31161642e-01 3.95600885e-01
9.38297033e-01 3.96392792e-01
9.45432425e-01 3.96842778e-01
9.52567816e-01 3.96947324e-01
9.59702730e-01 3.96703839e-01
9.66838121e-01 3.96110445e-01
9.73973513e-01 3.95166397e-01
9.81108904e-01 3.93871099e-01
9.88244295e-01 3.92225772e-01
9.95379686e-01 3.90231520e-01
1.00251508e+00 3.87891054e-01
1.00965047e+00 3.85207415e-01
1.01678586e+00 3.82184654e-01
1.02392077e+00 3.78828377e-01
1.03105617e+00 3.75143975e-01
1.03819156e+00 3.71138275e-01
1.04532695e+00 3.66819233e-01
1.05246234e+00 3.62195253e-01
1.05959773e+00 3.57275426e-01
1.06673312e+00 3.52070272e-01
1.07386851e+00 3.46590906e-01
1.08100390e+00 3.40848774e-01
1.08813882e+00 3.34856689e-01
1.09527421e+00 3.28627437e-01
1.10240960e+00 3.22175592e-01
1.10954499e+00 3.15515161e-01
1.11668038e+00 3.08661550e-01
1.12381577e+00 3.01630497e-01
1.13095117e+00 2.94438928e-01
1.13808656e+00 2.87103087e-01
1.14522195e+00 2.79639989e-01
1.15235686e+00 2.72068381e-01
1.15949225e+00 2.64404446e-01
1.16662765e+00 2.56667316e-01
1.17376304e+00 2.48875961e-01
1.18089843e+00 2.41048113e-01
1.18803382e+00 2.33202815e-01
1.19516921e+00 2.25358531e-01
1.20230460e+00 2.17534453e-01
1.20943999e+00 2.09748805e-01
1.21657491e+00 2.02020541e-01
1.22371030e+00 1.94367409e-01
1.23084569e+00 1.86807290e-01
1.23798108e+00 1.79357618e-01
1.24511647e+00 1.72036827e-01
1.25225186e+00 1.64860815e-01
1.25938725e+00 1.57845944e-01
1.26652265e+00 1.51008472e-01
1.27365804e+00 1.44363269e-01
1.28079295e+00 1.37925208e-01
1.28792834e+00 1.31707355e-01
1.29506373e+00 1.25723124e-01
1.30219913e+00 1.19984969e-01
1.30933452e+00 1.14503600e-01
1.31646991e+00 1.09290332e-01
1.32360530e+00 1.04354426e-01
1.33074069e+00 9.97047946e-02
1.33787608e+00 9.53487158e-02
1.34501100e+00 9.12935510e-02
1.35214639e+00 8.75443742e-02
1.35928178e+00 8.41058567e-02
1.36641717e+00 8.09824690e-02
1.37355256e+00 7.81759545e-02
1.38068795e+00 7.56885633e-02
1.38782334e+00 7.35204145e-02
1.39495873e+00 7.16712326e-02
1.40209413e+00 7.01393485e-02
1.40922904e+00 6.89224526e-02
1.41636443e+00 6.80167526e-02
1.42349982e+00 6.74178675e-02
1.43063521e+00 6.71202466e-02
1.43777061e+00 6.71175346e-02
1.44490600e+00 6.74026310e-02
1.45204139e+00 6.79671764e-02
1.45917678e+00 6.88022301e-02
1.46631217e+00 6.98981956e-02
1.47344708e+00 7.12443143e-02
1.48058248e+00 7.28295892e-02
1.48771787e+00 7.46422783e-02
1.49485326e+00 7.66696930e-02
1.50198865e+00 7.88991749e-02
1.50912404e+00 8.13170820e-02
1.51625943e+00 8.39095414e-02
1.52339482e+00 8.66619945e-02
1.53053021e+00 8.95603299e-02
1.53766513e+00 9.25888866e-02
1.54480052e+00 9.57334861e-02
1.55193591e+00 9.89786163e-02
1.55907130e+00 1.02308452e-01
1.56620669e+00 1.05708033e-01
1.57334208e+00 1.09161891e-01
1.58047748e+00 1.12654641e-01
1.58761287e+00 1.16171107e-01
1.59474826e+00 1.19696133e-01
1.60188317e+00 1.23215057e-01
1.60901856e+00 1.26713306e-01
1.61615396e+00 1.30176857e-01
1.62328935e+00 1.33591622e-01
1.63042474e+00 1.36944592e-01
1.63756013e+00 1.40222341e-01
1.64469552e+00 1.43412605e-01
1.65183091e+00 1.46503419e-01
1.65896630e+00 1.49483442e-01
1.66610122e+00 1.52341545e-01
1.67323661e+00 1.55068204e-01
1.68037200e+00 1.57653406e-01
1.68750739e+00 1.60088509e-01
1.69464278e+00 1.62365437e-01
1.70177817e+00 1.64476559e-01
1.70891356e+00 1.66414961e-01
1.71604896e+00 1.68175250e-01
1.72318435e+00 1.69751465e-01
1.73031926e+00 1.71139508e-01
1.73745465e+00 1.72335595e-01
1.74459004e+00 1.73336327e-01
1.75172544e+00 1.74139962e-01
1.75886083e+00 1.74744517e-01
1.76599622e+00 1.75149292e-01
1.77313161e+00 1.75354138e-01
1.78026700e+00 1.75359622e-01
1.78740239e+00 1.75167114e-01
1.79453731e+00 1.74778417e-01
1.80167270e+00 1.74196154e-01
1.80880809e+00 1.73423424e-01
1.81594348e+00 1.72464013e-01
1.82307887e+00 1.71322376e-01
1.83021426e+00 1.70003325e-01
1.83734965e+00 1.68512195e-01
1.84448504e+00 1.66854933e-01
1.85162044e+00 1.65037945e-01
1.85875535e+00 1.63067937e-01
1.86589074e+00 1.60951763e-01
1.87302613e+00 1.58696994e-01
1.88016152e+00 1.56311512e-01
1.88729692e+00 1.53803065e-01
1.89443231e+00 1.51180074e-01
1.90156770e+00 1.48450911e-01
1.90870309e+00 1.45624146e-01
1.91583800e+00 1.42708555e-01
1.92297339e+00 1.39712557e-01
1.93010879e+00 1.36644989e-01
1.93724418e+00 1.33514717e-01
1.94437957e+00 1.30330309e-01
1.95151496e+00 1.27100423e-01
1.95865035e+00 1.23833433e-01
1.96578574e+00 1.20537788e-01
1.97292113e+00 1.17221475e-01
1.98005605e+00 1.13892563e-01
1.98719144e+00 1.10558219e-01
1.99432683e+00 1.07226089e-01
2.00146222e+00 1.03903107e-01
2.00859761e+00 1.00595579e-01
2.01573300e+00 9.73101407e-02
2.02286839e+00 9.40526351e-02
2.03000379e+00 9.08282176e-02
2.03713918e+00 8.76420289e-02
2.04427409e+00 8.44988152e-02
2.05140948e+00 8.14023316e-02
2.05854487e+00 7.83562511e-02
2.06568027e+00 7.53640831e-02
2.07281566e+00 7.24280253e-02
2.07995105e+00 6.95508644e-02
2.08708644e+00 6.67340234e-02
2.09422183e+00 6.39789626e-02
2.10135722e+00 6.12867102e-02
2.10849214e+00 5.86581603e-02
2.11562753e+00 5.60928322e-02
2.12276292e+00 5.35911582e-02
2.12989831e+00 5.11523522e-02
2.13703370e+00 4.87760045e-02
2.14416909e+00 4.64612655e-02
2.15130448e+00 4.42070849e-02
2.15843987e+00 4.20124494e-02
2.16557527e+00 3.98758426e-02
2.17271018e+00 3.77963148e-02
2.17984557e+00 3.57730053e-02
2.18698096e+00 3.38045582e-02
2.19411635e+00 3.18905637e-02
2.20125175e+00 3.00304238e-02
2.20838714e+00 2.82242373e-02
2.21552253e+00 2.64721401e-02
2.22265792e+00 2.47751791e-02
2.22979331e+00 2.31345538e-02
2.23692822e+00 2.15526838e-02
2.24406362e+00 2.00319830e-02
2.25119901e+00 1.85761172e-02
2.25833440e+00 1.71895679e-02
2.26546979e+00 1.58774648e-02
2.27260518e+00 1.46461753e-02
2.27974057e+00 1.35028027e-02
2.28687596e+00 1.24556022e-02
2.29401135e+00 1.15139177e-02
2.30114627e+00 1.06880376e-02
2.30828166e+00 9.98942368e-03
2.31541705e+00 9.43051372e-03
2.32255244e+00 9.02495440e-03
2.32968783e+00 8.78726505e-03
2.33682323e+00 8.73309467e-03
2.34395862e+00 8.87895748e-03
2.35109401e+00 9.24221240e-03
2.35822940e+00 9.84111801e-03
2.36536431e+00 1.06944377e-02
2.37249970e+00 1.18217086e-02
2.37963510e+00 1.32427150e-02
2.38677049e+00 1.49778472e-02
2.39390588e+00 1.70471743e-02
2.40104127e+00 1.94710903e-02
2.40817666e+00 2.22696420e-02
2.41531205e+00 2.54624765e-02
2.42244744e+00 2.90686190e-02
2.42958236e+00 3.31061147e-02
2.43671775e+00 3.75922211e-02
2.44385314e+00 4.25429270e-02
2.45098853e+00 4.79718857e-02
2.45812392e+00 5.38919158e-02
2.46525931e+00 6.03132211e-02
2.47239470e+00 6.72435239e-02
2.47953010e+00 7.46885613e-02
2.48666549e+00 8.26509222e-02
2.49380040e+00 9.11296532e-02
2.50093579e+00 1.00122109e-01
2.50807118e+00 1.09620936e-01
2.51520658e+00 1.19615324e-01
2.52234197e+00 1.30090430e-01
2.52947736e+00 1.41027868e-01
2.53661275e+00 1.52405128e-01
2.54374814e+00 1.64195716e-01
2.55088353e+00 1.76368371e-01
2.55801845e+00 1.88887239e-01
2.56515384e+00 2.01714396e-01
2.57228923e+00 2.14805558e-01
2.57942462e+00 2.28113174e-01
2.58656001e+00 2.41585433e-01
2.59369540e+00 2.55167067e-01
2.60083079e+00 2.68799365e-01
2.60796618e+00 2.82419920e-01
2.61510158e+00 2.95963645e-01
2.62223649e+00 3.09361935e-01
2.62937188e+00 3.22546810e-01
2.63650727e+00 3.35445493e-01
2.64364266e+00 3.47985744e-01
2.65077806e+00 3.60092789e-01
2.65791345e+00 3.71693224e-01
2.66504884e+00 3.82713497e-01
2.67218423e+00 3.93081307e-01
2.67931962e+00 4.02725697e-01
2.68645453e+00 4.11577314e-01
2.69358993e+00 4.19571549e-01
2.70072532e+00 4.26645845e-01
2.70786071e+00 4.32741880e-01
2.71499610e+00 4.37806696e-01
2.72213149e+00 4.41792458e-01
2.72926688e+00 4.44657683e-01
2.73640227e+00 4.46366876e-01
2.74353766e+00 4.46892172e-01
2.75067258e+00 4.46213335e-01
2.75780797e+00 4.44317341e-01
2.76494336e+00 4.41200435e-01
2.77207875e+00 4.36866373e-01
2.77921414e+00 4.31328535e-01
2.78634953e+00 4.24608916e-01
2.79348493e+00 4.16738212e-01
2.80062032e+00 4.07755733e-01
2.80775571e+00 3.97709846e-01
2.81489062e+00 3.86657625e-01
2.82202601e+00 3.74662519e-01
2.82916141e+00 3.61796916e-01
2.83629680e+00 3.48140121e-01
2.84343219e+00 3.33777308e-01
2.85056758e+00 3.18799257e-01
2.85770297e+00 3.03302139e-01
2.86483836e+00 2.87385255e-01
2.87197375e+00 2.71150768e-01
2.87910867e+00 2.54705846e-01
2.88624406e+00 2.38151982e-01
2.89337945e+00 2.21595928e-01
2.90051484e+00 2.05141798e-01
2.90765023e+00 1.88891247e-01
2.91478562e+00 1.72941878e-01
2.92192101e+00 1.57386944e-01
2.92905641e+00 1.42314464e-01
2.93619180e+00 1.27805471e-01
2.94332671e+00 1.13934673e-01
2.95046210e+00 1.00765355e-01
2.95759749e+00 8.83553401e-02
2.96473289e+00 7.67512694e-02
2.97186828e+00 6.59899190e-02
2.97900367e+00 5.60981408e-02
2.98613906e+00 4.70916666e-02
2.99327445e+00 3.89761105e-02
3.00040984e+00 3.17461155e-02
3.00754476e+00 2.53878441e-02
3.01468015e+00 1.98750049e-02
3.02181554e+00 1.51745854e-02
3.02895093e+00 1.12445308e-02
3.03608632e+00 8.03524349e-03
3.04322171e+00 5.49084833e-03
3.05035710e+00 3.55027989e-03
3.05749249e+00 2.14796863e-03
3.06462789e+00 1.21624046e-03
3.07176280e+00 6.85262086e-04
3.07889819e+00 4.85171506e-04
3.08603358e+00 5.47922915e-04
3.09316897e+00 8.07203585e-04
3.10030437e+00 1.20097876e-03
3.10743976e+00 1.67201576e-03
3.11457515e+00 2.16892059e-03
3.12171054e+00 2.64751632e-03
3.12884593e+00 3.07111070e-03
3.13598084e+00 3.41122202e-03
3.14311624e+00 3.64817050e-03
3.15025163e+00 3.77072208e-03
3.15738702e+00 3.77646997e-03
3.16452241e+00 3.67091713e-03
3.17165780e+00 3.46747902e-03
3.17879319e+00 3.18612973e-03
3.18592858e+00 2.85227643e-03
3.19306397e+00 2.49570888e-03
3.20019889e+00 2.14834954e-03
3.20733428e+00 1.84273417e-03
3.21446967e+00 1.61019200e-03
3.22160506e+00 1.47801964e-03
3.22874045e+00 1.46801001e-03
3.23587584e+00 1.59352901e-03
3.24301124e+00 1.85789471e-03
3.25014663e+00 2.25206348e-03
3.25728202e+00 2.75378372e-03
3.26441693e+00 3.32660368e-03
3.27155232e+00 3.92029947e-03
3.27868772e+00 4.47248807e-03
3.28582311e+00 4.91204020e-03
3.29295850e+00 5.16537996e-03
3.30009389e+00 5.16519742e-03
3.30722928e+00 4.86349501e-03
3.31436467e+00 4.25004587e-03
3.32150006e+00 3.37601057e-03
3.32863498e+00 2.38579535e-03
3.33577037e+00 1.55738438e-03
3.34290576e+00 1.35325466e-03
3.35004115e+00 2.48293462e-03
3.35717654e+00 5.97906299e-03
3.36431193e+00 1.32868243e-02
3.37144732e+00 2.63676848e-02
3.37858272e+00 4.78164069e-02
3.38571811e+00 8.09829310e-02
3.39285302e+00 1.30095735e-01
3.39998841e+00 2.00394347e-01
3.40712380e+00 2.98172772e-01
3.41425920e+00 4.30816233e-01
3.42139459e+00 6.06671751e-01
3.42852998e+00 8.34722757e-01
3.43566537e+00 1.12392223e+00
3.44280076e+00 1.48201227e+00
3.44993615e+00 1.91362751e+00
3.45707107e+00 2.41773868e+00
3.46420646e+00 2.98712730e+00
3.47134185e+00 3.63392901e+00
3.47847724e+00 4.93399620e+00
3.48561263e+00 0.00000000e+00
3.49274802e+00 0.00000000e+00
3.49988341e+00 0.00000000e+00
3.50701880e+00 0.00000000e+00
3.51415420e+00 0.00000000e+00
3.52128911e+00 0.00000000e+00
3.52842450e+00 0.00000000e+00
3.53555989e+00 0.00000000e+00
3.54269528e+00 0.00000000e+00
3.54983068e+00 0.00000000e+00
3.55696607e+00 0.00000000e+00
3.56410146e+00 0.00000000e+00
