# Energy DOS
-3.56410146e+00 0.00000000e+00
-3.55696607e+00 0.00000000e+00
-3.54983068e+00 0.00000000e+00
-3.54269552e+00 0.00000000e+00
-3.53556013e+00 0.00000000e+00
-3.52842474e+00 0.00000000e+00
-3.52128935e+00 0.00000000e+00
-3.51415420e+00 0.00000000e+00
-3.50701880e+00 0.00000000e+00
-3.49988341e+00 0.00000000e+00
-3.49274802e+00 0.00000000e+00
-3.48561263e+00 0.00000000e+00
-3.47847748e+00 1.14650941e+00
-3.47134209e+00 8.44323874e-01
-3.46420670e+00 6.93913519e-01
-3.45707130e+00 5.61605811e-01
-3.44993615e+00 4.44543719e-01
-3.44280076e+00 3.44360471e-01
-3.43566537e+00 2.61248052e-01
-3.42852998e+00 1.94108918e-01
-3.42139459e+00 1.41137421e-01
-3.41425943e+00 1.00262605e-01
-3.40712404e+00 6.94078505e-02
-3.39998865e+00 4.66448106e-02
-3.39285326e+00 3.02762371e-02
-3.38571811e+00 1.88452750e-02
-3.37858272e+00 1.11422949e-02
-3.37144732e+00 6.18415838e-03
-3.36431193e+00 3.18930647e-03
-3.35717654e+00 1.54871983e-03
-3.35004139e+00 7.98821682e-04
-3.34290600e+00 5.96252619e-04
-3.33577061e+00 6.94993010e-04
-3.32863522e+00 9.21923143e-04
-3.32150006e+00 1.16725022e-03
-3.31436467e+00 1.36496825e-03
-3.30722928e+00 1.48157706e-03
-3.30009389e+00 1.50862790e-03
-3.29295874e+00 1.45376578e-03
-3.28582335e+00 1.33323786e-03
-3.27868795e+00 1.17174292e-03
-3.27155256e+00 9.92231304e-04
-3.26441717e+00 8.18348955e-04
-3.25728202e+00 6.71065762e-04
-3.25014663e+00 5.65983471e-04
-3.24301124e+00 5.15538210e-04
-3.23587584e+00 5.24283561e-04
-3.22874069e+00 5.94356854e-04
-3.22160530e+00 7.19854783e-04
-3.21446991e+00 8.94628116e-04
-3.20733452e+00 1.10618945e-03
-3.20019913e+00 1.34025875e-03
-3.19306397e+00 1.58108247e-03
-3.18592858e+00 1.81014207e-03
-3.17879319e+00 2.01392104e-03
-3.17165780e+00 2.17512972e-03
-3.16452265e+00 2.28162273e-03
-3.15738726e+00 2.32322677e-03
-3.15025187e+00 2.29459722e-03
-3.14311647e+00 2.19305488e-03
-3.13598108e+00 2.02152203e-03
-3.12884593e+00 1.78870943e-03
-3.12171054e+00 1.50750519e-03
-3.11457515e+00 1.19590235e-03
-3.10743976e+00 8.77319195e-04
-3.10030460e+00 5.80187072e-04
-3.09316921e+00 3.37193022e-04
-3.08603382e+00 1.84554097e-04
-3.07889843e+00 1.61814402e-04
-3.07176304e+00 3.11264390e-04
-3.06462789e+00 6.75848511e-04
-3.05749249e+00 1.30194414e-03
-3.05035710e+00 2.23268545e-03
-3.04322171e+00 3.51190590e-03
-3.03608656e+00 5.18243667e-03
-3.02895117e+00 7.28448061e-03
-3.02181578e+00 9.85241868e-03
-3.01468039e+00 1.29199270e-02
-3.00754499e+00 1.65138952e-02
-3.00040960e+00 2.06561349e-02
-2.99327445e+00 2.53629833e-02
-2.98613906e+00 3.06448955e-02
-2.97900367e+00 3.65044884e-02
-2.97186852e+00 4.29390781e-02
-2.96473312e+00 4.99379784e-02
-2.95759773e+00 5.74845336e-02
-2.95046234e+00 6.55546114e-02
-2.94332695e+00 7.41181076e-02
-2.93619156e+00 8.31380785e-02
-2.92905641e+00 9.25725773e-02
-2.92192101e+00 1.02373116e-01
-2.91478562e+00 1.12487301e-01
-2.90765047e+00 1.22858353e-01
-2.90051508e+00 1.33425951e-01
-2.89337969e+00 1.44125685e-01
-2.88624430e+00 1.54892325e-01
-2.87910891e+00 1.65658176e-01
-2.87197351e+00 1.76353961e-01
-2.86483836e+00 1.86912388e-01
-2.85770297e+00 1.97265089e-01
-2.85056758e+00 2.07345113e-01
-2.84343243e+00 2.17088178e-01
-2.83629704e+00 2.26431832e-01
-2.82916164e+00 2.35317782e-01
-2.82202625e+00 2.43689120e-01
-2.81489086e+00 2.51495034e-01
-2.80775547e+00 2.58689314e-01
-2.80062032e+00 2.65228987e-01
-2.79348493e+00 2.71078706e-01
-2.78634953e+00 2.76205689e-01
-2.77921438e+00 2.80584723e-01
-2.77207899e+00 2.84195423e-01
-2.76494360e+00 2.87023515e-01
-2.75780821e+00 2.89061278e-01
-2.75067282e+00 2.90304542e-01
-2.74353743e+00 2.90756226e-01
-2.73640227e+00 2.90424883e-01
-2.72926688e+00 2.89323181e-01
-2.72213149e+00 2.87469029e-01
-2.71499634e+00 2.84885645e-01
-2.70786095e+00 2.81599760e-01
-2.70072556e+00 2.77641624e-01
-2.69359016e+00 2.73046225e-01
-2.68645477e+00 2.67851353e-01
-2.67931938e+00 2.62097061e-01
-2.67218423e+00 2.55826116e-01
-2.66504884e+00 2.49082193e-01
-2.65791345e+00 2.41913065e-01
-2.65077829e+00 2.34364972e-01
-2.64364290e+00 2.26485819e-01
-2.63650751e+00 2.18323559e-01
-2.62937212e+00 2.09927082e-01
-2.62223673e+00 2.01342955e-01
-2.61510134e+00 1.92617998e-01
-2.60796618e+00 1.83799788e-01
-2.60083079e+00 1.74931228e-01
-2.59369540e+00 1.66054770e-01
-2.58656025e+00 1.57212213e-01
-2.57942486e+00 1.48441553e-01
-2.57228947e+00 1.39778942e-01
-2.56515408e+00 1.31259456e-01
-2.55801868e+00 1.22913569e-01
-2.55088329e+00 1.14770442e-01
-2.54374814e+00 1.06855914e-01
-2.53661275e+00 9.91937146e-02
-2.52947760e+00 9.18039232e-02
-2.52234221e+00 8.47039521e-02
-2.51520681e+00 7.79091418e-02
-2.50807142e+00 7.14313909e-02
-2.50093603e+00 6.52800500e-02
-2.49380064e+00 5.94629869e-02
-2.48666525e+00 5.39842471e-02
-2.47953010e+00 4.88464646e-02
-2.47239470e+00 4.40489613e-02
-2.46525955e+00 3.95907201e-02
-2.45812416e+00 3.54675278e-02
-2.45098877e+00 3.16735990e-02
-2.44385338e+00 2.82025058e-02
-2.43671799e+00 2.50452403e-02
-2.42958260e+00 2.21922640e-02
-2.42244720e+00 1.96327772e-02
-2.41531205e+00 1.73554961e-02
-2.40817666e+00 1.53478431e-02
-2.40104151e+00 1.35974837e-02
-2.39390612e+00 1.20905600e-02
-2.38677073e+00 1.08143054e-02
-2.37963533e+00 9.75485332e-03
-2.37249994e+00 8.89891293e-03
-2.36536455e+00 8.23322404e-03
-2.35822916e+00 7.74555188e-03
-2.35109401e+00 7.42259156e-03
-2.34395862e+00 7.25309551e-03
-2.33682346e+00 7.22565129e-03
-2.32968807e+00 7.32939318e-03
-2.32255268e+00 7.55487755e-03
-2.31541729e+00 7.89298862e-03
-2.30828190e+00 8.33574962e-03
-2.30114651e+00 8.87589343e-03
-2.29401112e+00 9.50723048e-03
-2.28687596e+00 1.02242660e-02
-2.27974057e+00 1.10228788e-02
-2.27260542e+00 1.18993511e-02
-2.26547003e+00 1.28512792e-02
-2.25833464e+00 1.38771310e-02
-2.25119925e+00 1.49758793e-02
-2.24406385e+00 1.61474422e-02
-2.23692846e+00 1.73927471e-02
-2.22979307e+00 1.87135749e-02
-2.22265792e+00 2.01111175e-02
-2.21552253e+00 2.15890277e-02
-2.20838737e+00 2.31497437e-02
-2.20125198e+00 2.47971993e-02
-2.19411659e+00 2.65354980e-02
-2.18698120e+00 2.83684321e-02
-2.17984581e+00 3.03007923e-02
-2.17271042e+00 3.23366895e-02
-2.16557503e+00 3.44807729e-02
-2.15843987e+00 3.67377289e-02
-2.15130448e+00 3.91115211e-02
-2.14416933e+00 4.16067019e-02
-2.13703394e+00 4.42266501e-02
-2.12989855e+00 4.69752625e-02
-2.12276316e+00 4.98548001e-02
-2.11562777e+00 5.28690442e-02
-2.10849237e+00 5.60185835e-02
-2.10135698e+00 5.93063347e-02
-2.09422183e+00 6.27315342e-02
-2.08708644e+00 6.62947446e-02
-2.07995129e+00 6.99955672e-02
-2.07281590e+00 7.38320798e-02
-2.06568050e+00 7.78020397e-02
-2.05854511e+00 8.19024518e-02
-2.05140972e+00 8.61293897e-02
-2.04427433e+00 9.04783010e-02
-2.03713894e+00 9.49430391e-02
-2.03000379e+00 9.95169505e-02
-2.02286839e+00 1.04193777e-01
-2.01573324e+00 1.08964242e-01
-2.00859785e+00 1.13820449e-01
-2.00146246e+00 1.18752204e-01
-1.99432707e+00 1.23749442e-01
-1.98719168e+00 1.28800780e-01
-1.98005641e+00 1.33894786e-01
-1.97292101e+00 1.39019266e-01
-1.96578574e+00 1.44161567e-01
-1.95865035e+00 1.49308354e-01
-1.95151508e+00 1.54446051e-01
-1.94437969e+00 1.59560934e-01
-1.93724442e+00 1.64637834e-01
-1.93010902e+00 1.69662923e-01
-1.92297363e+00 1.74622148e-01
-1.91583836e+00 1.79500163e-01
-1.90870297e+00 1.84281856e-01
-1.90156770e+00 1.88953444e-01
-1.89443231e+00 1.93500206e-01
-1.88729703e+00 1.97908223e-01
-1.88016164e+00 2.02163503e-01
-1.87302637e+00 2.06251934e-01
-1.86589098e+00 2.10160941e-01
-1.85875559e+00 2.13877529e-01
-1.85162032e+00 2.17389613e-01
-1.84448493e+00 2.20686212e-01
-1.83734965e+00 2.23755851e-01
-1.83021426e+00 2.26588443e-01
-1.82307899e+00 2.29175121e-01
-1.81594360e+00 2.31506810e-01
-1.80880833e+00 2.33576551e-01
-1.80167294e+00 2.35377192e-01
-1.79453754e+00 2.36902386e-01
-1.78740227e+00 2.38147631e-01
-1.78026688e+00 2.39109039e-01
-1.77313161e+00 2.39783213e-01
-1.76599622e+00 2.40168557e-01
-1.75886095e+00 2.40263760e-01
-1.75172555e+00 2.40068749e-01
-1.74459028e+00 2.39584491e-01
-1.73745489e+00 2.38813162e-01
-1.73031950e+00 2.37757221e-01
-1.72318423e+00 2.36420900e-01
-1.71604884e+00 2.34808758e-01
-1.70891356e+00 2.32926354e-01
-1.70177817e+00 2.30780587e-01
-1.69464290e+00 2.28378266e-01
-1.68750751e+00 2.25727931e-01
-1.68037224e+00 2.22838283e-01
-1.67323685e+00 2.19719112e-01
-1.66610146e+00 2.16380507e-01
-1.65896618e+00 2.12833390e-01
-1.65183079e+00 2.09089398e-01
-1.64469552e+00 2.05160424e-01
-1.63756013e+00 2.01058850e-01
-1.63042486e+00 1.96797743e-01
-1.62328947e+00 1.92389980e-01
-1.61615419e+00 1.87849417e-01
-1.60901880e+00 1.83189243e-01
-1.60188341e+00 1.78424299e-01
-1.59474814e+00 1.73567787e-01
-1.58761275e+00 1.68634161e-01
-1.58047748e+00 1.63637996e-01
-1.57334208e+00 1.58592582e-01
-1.56620681e+00 1.53512880e-01
-1.55907154e+00 1.48412257e-01
-1.55193615e+00 1.43305376e-01
-1.54480076e+00 1.38204828e-01
-1.53766537e+00 1.33124605e-01
-1.53052998e+00 1.28077775e-01
-1.52339482e+00 1.23077266e-01
-1.51625943e+00 1.18134968e-01
-1.50912404e+00 1.13263547e-01
-1.50198865e+00 1.08474299e-01
-1.49485350e+00 1.03778780e-01
-1.48771811e+00 9.91875902e-02
-1.48058271e+00 9.47107524e-02
-1.47344732e+00 9.03585106e-02
-1.46631193e+00 8.61400738e-02
-1.45917678e+00 8.20648447e-02
-1.45204139e+00 7.81399086e-02
-1.44490600e+00 7.43745491e-02
-1.43777061e+00 7.07752109e-02
-1.43063545e+00 6.73491284e-02
-1.42350006e+00 6.41025677e-02
-1.41636467e+00 6.10413812e-02
-1.40922928e+00 5.81703410e-02
-1.40209389e+00 5.54951988e-02
-1.39495873e+00 5.30199856e-02
-1.38782334e+00 5.07485978e-02
-1.38068795e+00 4.86844592e-02
-1.37355256e+00 4.68306504e-02
-1.36641741e+00 4.51898947e-02
-1.35928202e+00 4.37643342e-02
-1.35214663e+00 4.25559096e-02
-1.34501123e+00 4.15661633e-02
-1.33787584e+00 4.07958701e-02
-1.33074069e+00 4.02462706e-02
-1.32360530e+00 3.99175957e-02
-1.31646991e+00 3.98100987e-02
-1.30933452e+00 3.99236679e-02
-1.30219936e+00 4.02579047e-02
-1.29506397e+00 4.08119261e-02
-1.28792858e+00 4.15851511e-02
-1.28079319e+00 4.25761975e-02
-1.27365780e+00 4.37839143e-02
-1.26652265e+00 4.52063605e-02
-1.25938725e+00 4.68418300e-02
-1.25225186e+00 4.86886613e-02
-1.24511647e+00 5.07440902e-02
-1.23798132e+00 5.30058369e-02
-1.23084593e+00 5.54717220e-02
-1.22371054e+00 5.81383221e-02
-1.21657515e+00 6.10026978e-02
-1.20943975e+00 6.40619323e-02
-1.20230460e+00 6.73125088e-02
-1.19516921e+00 7.07504526e-02
-1.18803382e+00 7.43723214e-02
-1.18089843e+00 7.81741664e-02
-1.17376328e+00 8.21509734e-02
-1.16662788e+00 8.62988606e-02
-1.15949249e+00 9.06131864e-02
-1.15235710e+00 9.50888321e-02
-1.14522171e+00 9.97200832e-02
-1.13808656e+00 1.04501680e-01
-1.13095117e+00 1.09428473e-01
-1.12381577e+00 1.14493407e-01
-1.11668038e+00 1.19691007e-01
-1.10954523e+00 1.25013888e-01
-1.10240984e+00 1.30456045e-01
-1.09527445e+00 1.36009231e-01
-1.08813906e+00 1.41666830e-01
-1.08100367e+00 1.47420466e-01
-1.07386851e+00 1.53261602e-01
-1.06673312e+00 1.59183145e-01
-1.05959773e+00 1.65175214e-01
-1.05246234e+00 1.71228990e-01
-1.04532719e+00 1.77334562e-01
-1.03819180e+00 1.83483288e-01
-1.03105640e+00 1.89664781e-01
-1.02392101e+00 1.95868850e-01
-1.01678562e+00 2.02084571e-01
-1.00965047e+00 2.08301276e-01
-1.00251508e+00 2.14508086e-01
-9.95379686e-01 2.20693856e-01
-9.88244295e-01 2.26847321e-01
-9.81109142e-01 2.32956499e-01
-9.73973751e-01 2.39009738e-01
-9.66838360e-01 2.44995102e-01
-9.59702969e-01 2.50900894e-01
-9.52567577e-01 2.56714791e-01
-9.45432425e-01 2.62424588e-01
-9.38297033e-01 2.68018335e-01
-9.31161642e-01 2.73484111e-01
-9.24026251e-01 2.78809458e-01
-9.16891098e-01 2.83982933e-01
-9.09755707e-01 2.88992286e-01
-9.02620316e-01 2.93826193e-01
-8.95484924e-01 2.98473597e-01
-8.88349533e-01 3.02922606e-01
-8.81214380e-01 3.07162583e-01
-8.74078989e-01 3.11183751e-01
-8.66943598e-01 3.14974964e-01
-8.59808207e-01 3.18527102e-01
-8.52673054e-01 3.21830779e-01
-8.45537663e-01 3.24877262e-01
-8.38402271e-01 3.27658355e-01
-8.31266880e-01 3.30166161e-01
-8.24131727e-01 3.32393944e-01
-8.16996336e-01 3.34335178e-01
-8.09860945e-01 3.35984081e-01
-8.02725554e-01 3.37335676e-01
-7.95590162e-01 3.38385582e-01
-7.88455009e-01 3.39130282e-01
-7.81319618e-01 3.39567095e-01
-7.74184227e-01 3.39694053e-01
-7.67048836e-01 3.39510053e-01
-7.59913683e-01 3.39014798e-01
-7.52778292e-01 3.38208765e-01
-7.45642900e-01 3.37093532e-01
-7.38507509e-01 3.35671544e-01
-7.31372118e-01 3.33945453e-01
-7.24236965e-01 3.31920147e-01
-7.17101574e-01 3.29599977e-01
-7.09966183e-01 3.26990783e-01
-7.02830791e-01 3.24099392e-01
-6.95695639e-01 3.20933878e-01
-6.88560247e-01 3.17501545e-01
-6.81424856e-01 3.13812345e-01
-6.74289465e-01 3.09875935e-01
-6.67154074e-01 3.05703223e-01
-6.60018921e-01 3.01305771e-01
-6.52883530e-01 2.96695501e-01
-6.45748138e-01 2.91885823e-01
-6.38612747e-01 2.86889374e-01
-6.31477594e-01 2.81721354e-01
-6.24342203e-01 2.76395649e-01
-6.17206812e-01 2.70927429e-01
-6.10071421e-01 2.65332520e-01
-6.02936029e-01 2.59627253e-01
-5.95800877e-01 2.53827602e-01
-5.88665485e-01 2.47950330e-01
-5.81530094e-01 2.42012799e-01
-5.74394703e-01 2.36031413e-01
-5.67259550e-01 2.30024472e-01
-5.60124159e-01 2.24008545e-01
-5.52988768e-01 2.18001217e-01
-5.45853376e-01 2.12020308e-01
-5.38717985e-01 2.06082121e-01
-5.31582832e-01 2.00205177e-01
-5.24447441e-01 1.94405258e-01
-5.17312050e-01 1.88699394e-01
-5.10176659e-01 1.83103755e-01
-5.03041506e-01 1.77634701e-01
-4.95906115e-01 1.72307342e-01
-4.88770723e-01 1.67136684e-01
-4.81635332e-01 1.62137255e-01
-4.74499941e-01 1.57322958e-01
-4.67364788e-01 1.52706906e-01
-4.60229397e-01 1.48301944e-01
-4.53094006e-01 1.44119620e-01
-4.45958614e-01 1.40170917e-01
-4.38823462e-01 1.36466131e-01
-4.31688070e-01 1.33014813e-01
-4.24552679e-01 1.29825339e-01
-4.17417288e-01 1.26905084e-01
-4.10281897e-01 1.24261037e-01
-4.03146744e-01 1.21898860e-01
-3.96011353e-01 1.19822882e-01
-3.88875961e-01 1.18037321e-01
-3.81740570e-01 1.16544627e-01
-3.74605417e-01 1.15346901e-01
-3.67470026e-01 1.14444226e-01
-3.60334635e-01 1.13836922e-01
-3.53199244e-01 1.13523372e-01
-3.46063852e-01 1.13501273e-01
-3.38928699e-01 1.13767199e-01
-3.31793308e-01 1.14317127e-01
-3.24657917e-01 1.15145810e-01
-3.17522526e-01 1.16246603e-01
-3.10387373e-01 1.17612913e-01
-3.03251982e-01 1.19236320e-01
-2.96116590e-01 1.21108197e-01
-2.88981199e-01 1.23218633e-01
-2.81845808e-01 1.25557512e-01
-2.74710655e-01 1.28112912e-01
-2.67575264e-01 1.30873501e-01
-2.60439873e-01 1.33826301e-01
-2.53304482e-01 1.36958197e-01
-2.46169329e-01 1.40255228e-01
-2.39033937e-01 1.43703356e-01
-2.31898546e-01 1.47287518e-01
-2.24763155e-01 1.50992453e-01
-2.17627764e-01 1.54802859e-01
-2.10492611e-01 1.58702448e-01
-2.03357220e-01 1.62675411e-01
-1.96221828e-01 1.66705474e-01
-1.89086437e-01 1.70776024e-01
-1.81951284e-01 1.74870759e-01
-1.74815893e-01 1.78972811e-01
-1.67680502e-01 1.83066070e-01
-1.60545111e-01 1.87134176e-01
-1.53409719e-01 1.91160887e-01
-1.46274567e-01 1.95130199e-01
-1.39139175e-01 1.99026436e-01
-1.32003784e-01 2.02834338e-01
-1.24868393e-01 2.06539273e-01
-1.17733240e-01 2.10126072e-01
-1.10597849e-01 2.13581339e-01
-1.03462458e-01 2.16891393e-01
-9.63270664e-02 2.20043644e-01
-8.91916752e-02 2.23025680e-01
-8.20565224e-02 2.25825951e-01
-7.49211311e-02 2.28433669e-01
-6.77857399e-02 2.30838940e-01
-6.06503487e-02 2.33032241e-01
-5.35151958e-02 2.35005453e-01
-4.63798046e-02 2.36750767e-01
-3.92444134e-02 2.38261536e-01
-3.21090221e-02 2.39532024e-01
-2.49736309e-02 2.40557313e-01
-1.78384781e-02 2.41333365e-01
-1.07030869e-02 2.41857320e-01
-3.56769562e-03 2.42126986e-01
3.56769562e-03 2.42141381e-01
1.07028484e-02 2.41900340e-01
1.78382397e-02 2.41404667e-01
2.49736309e-02 2.40656227e-01
3.21090221e-02 2.39657700e-01
3.92444134e-02 2.38412708e-01
4.63795662e-02 2.36926034e-01
5.35149574e-02 2.35202998e-01
6.06503487e-02 2.33250022e-01
6.77857399e-02 2.31074333e-01
7.49208927e-02 2.28684276e-01
8.20562840e-02 2.26088405e-01
8.91916752e-02 2.23296463e-01
9.63270664e-02 2.20318824e-01
1.03462458e-01 2.17166692e-01
1.10597610e-01 2.13851810e-01
1.17733002e-01 2.10386381e-01
1.24868393e-01 2.06783280e-01
1.32003784e-01 2.03056112e-01
1.39138937e-01 1.99218869e-01
1.46274328e-01 1.95285738e-01
1.53409719e-01 1.91271186e-01
1.60545111e-01 1.87190875e-01
1.67680502e-01 1.83059543e-01
1.74815655e-01 1.78893328e-01
1.81951046e-01 1.74707070e-01
1.89086437e-01 1.70517325e-01
1.96221828e-01 1.66339412e-01
2.03356981e-01 1.62189692e-01
2.10492373e-01 1.58083305e-01
2.17627764e-01 1.54036254e-01
2.24763155e-01 1.50063872e-01
2.31898546e-01 1.46181479e-01
2.39033699e-01 1.42404065e-01
2.46169090e-01 1.38746053e-01
2.53304482e-01 1.35222033e-01
2.60439873e-01 1.31845608e-01
2.67575026e-01 1.28630057e-01
2.74710417e-01 1.25588238e-01
2.81845808e-01 1.22732460e-01
2.88981199e-01 1.20074607e-01
2.96116590e-01 1.17624961e-01
3.03251743e-01 1.15394495e-01
3.10387135e-01 1.13392584e-01
3.17522526e-01 1.11627810e-01
3.24657917e-01 1.10108420e-01
3.31793070e-01 1.08841769e-01
3.38928461e-01 1.07833877e-01
3.46063852e-01 1.07090548e-01
3.53199244e-01 1.06616437e-01
3.60334635e-01 1.06415287e-01
3.67469788e-01 1.06489956e-01
3.74605179e-01 1.06842570e-01
3.81740570e-01 1.07473947e-01
3.88875961e-01 1.08384259e-01
3.96011114e-01 1.09572954e-01
4.03146505e-01 1.11038215e-01
4.10281897e-01 1.12777539e-01
4.17417288e-01 1.14787377e-01
4.24552679e-01 1.17063574e-01
4.31687832e-01 1.19600698e-01
4.38823462e-01 1.22393012e-01
4.45958376e-01 1.25433251e-01
4.53093767e-01 1.28714353e-01
4.60229158e-01 1.32227436e-01
4.67364550e-01 1.35963619e-01
4.74499941e-01 1.39913023e-01
4.81635332e-01 1.44065097e-01
4.88770723e-01 1.48408830e-01
4.95906115e-01 1.52932405e-01
5.03041506e-01 1.57623708e-01
5.10176420e-01 1.62469298e-01
5.17311811e-01 1.67456970e-01
5.24447203e-01 1.72572479e-01
5.31582594e-01 1.77801996e-01
5.38717985e-01 1.83131039e-01
5.45853376e-01 1.88545182e-01
5.52988768e-01 1.94029421e-01
5.60124159e-01 1.99568823e-01
5.67259550e-01 2.05148026e-01
5.74394464e-01 2.10751548e-01
5.81529856e-01 2.16365203e-01
5.88665247e-01 2.21972689e-01
5.95800638e-01 2.27559462e-01
6.02936029e-01 2.33110026e-01
6.10071421e-01 2.38610074e-01
6.17206812e-01 2.44044051e-01
6.24342203e-01 2.49397919e-01
6.31477594e-01 2.54657954e-01
6.38612509e-01 2.59809017e-01
6.45747900e-01 2.64839202e-01
6.52883291e-01 2.69734591e-01
6.60018682e-01 2.74483025e-01
6.67154074e-01 2.79072225e-01
6.74289465e-01 2.83490270e-01
6.81424856e-01 2.87726194e-01
6.88560247e-01 2.91770011e-01
6.95695639e-01 2.95611292e-01
7.02830553e-01 2.99240440e-01
7.09965944e-01 3.02649558e-01
7.17101336e-01 3.05830538e-01
7.24236727e-01 3.08775753e-01
7.31372118e-01 3.11478436e-01
7.38507509e-01 3.13932985e-01
7.45642900e-01 3.16133887e-01
7.52778292e-01 3.18076551e-01
7.59913683e-01 3.19757283e-01
7.67048597e-01 3.21172506e-01
7.74183989e-01 3.22320342e-01
7.81319380e-01 3.23198497e-01
7.88454771e-01 3.23806137e-01
7.95590162e-01 3.24142873e-01
8.02725554e-01 3.24208796e-01
8.09860945e-01 3.24004889e-01
8.16996336e-01 3.23532552e-01
8.24131727e-01 3.22794229e-01
8.31266642e-01 3.21792394e-01
8.38402033e-01 3.20530504e-01
8.45537424e-01 3.19012374e-01
8.52672815e-01 3.17242444e-01
8.59808207e-01 3.15225691e-01
8.66943598e-01 3.12967330e-01
8.74078989e-01 3.10473561e-01
8.81214380e-01 3.07750463e-01
8.88349771e-01 3.04804862e-01
8.95484686e-01 3.01643819e-01
9.02620077e-01 2.98274726e-01
9.09755468e-01 2.94705391e-01
9.16890860e-01 2.90944010e-01
9.24026251e-01 2.86998451e-01
9.31161642e-01 2.82877833e-01
9.38297033e-01 2.78590947e-01
9.45432425e-01 2.74146348e-01
9.52567816e-01 2.69553632e-01
9.59702730e-01 2.64822096e-01
9.66838121e-01 2.59960622e-01
9.73973513e-01 2.54979283e-01
9.81108904e-01 2.49887154e-01
9.88244295e-01 2.44694650e-01
9.95379686e-01 2.39410788e-01
1.00251508e+00 2.34045893e-01
1.00965047e+00 2.28609025e-01
1.01678586e+00 2.23109871e-01
1.02392077e+00 2.17559129e-01
1.03105617e+00 2.11965278e-01
1.03819156e+00 2.06338227e-01
1.04532695e+00 2.00687587e-01
1.05246234e+00 1.95022956e-01
1.05959773e+00 1.89353183e-01
1.06673312e+00 1.83687940e-01
1.07386851e+00 1.78036571e-01
1.08100390e+00 1.72407717e-01
1.08813882e+00 1.66810751e-01
1.09527421e+00 1.61253944e-01
1.10240960e+00 1.55746624e-01
1.10954499e+00 1.50296897e-01
1.11668038e+00 1.44913554e-01
1.12381577e+00 1.39604807e-01
1.13095117e+00 1.34379447e-01
1.13808656e+00 1.29245088e-01
1.14522195e+00 1.24209717e-01
1.15235686e+00 1.19281799e-01
1.15949225e+00 1.14468135e-01
1.16662765e+00 1.09776847e-01
1.17376304e+00 1.05215684e-01
1.18089843e+00 1.00791499e-01
1.18803382e+00 9.65117812e-02
1.19516921e+00 9.23833251e-02
1.20230460e+00 8.84133279e-02
1.20943999e+00 8.46082643e-02
1.21657491e+00 8.09749961e-02
1.22371030e+00 7.75196627e-02
1.23084569e+00 7.42483065e-02
1.23798108e+00 7.11669996e-02
1.24511647e+00 6.82818517e-02
1.25225186e+00 6.55981451e-02
1.25938725e+00 6.31212518e-02
1.26652265e+00 6.08563274e-02
1.27365804e+00 5.88081926e-02
1.28079295e+00 5.69813997e-02
1.28792834e+00 5.53799681e-02
1.29506373e+00 5.40080331e-02
1.30219913e+00 5.28690480e-02
1.30933452e+00 5.19662015e-02
1.31646991e+00 5.13024330e-02
1.32360530e+00 5.08801751e-02
1.33074069e+00 5.07013127e-02
1.33787608e+00 5.07675149e-02
1.34501100e+00 5.10798097e-02
1.35214639e+00 5.16387559e-02
1.35928178e+00 5.24446182e-02
1.36641717e+00 5.34968637e-02
1.37355256e+00 5.47945388e-02
1.38068795e+00 5.63359708e-02
1.38782334e+00 5.81192374e-02
1.39495873e+00 6.01413026e-02
1.40209413e+00 6.23992160e-02
1.40922904e+00 6.48882687e-02
1.41636443e+00 6.76045120e-02
1.42349982e+00 7.05425367e-02
1.43063521e+00 7.36961290e-02
1.43777061e+00 7.70588294e-02
1.44490600e+00 8.06232467e-02
1.45204139e+00 8.43814686e-02
1.45917678e+00 8.83247480e-02
1.46631217e+00 9.24438834e-02
1.47344708e+00 9.67285261e-02
1.48058248e+00 1.01168722e-01
1.48771787e+00 1.05752893e-01
1.49485326e+00 1.10469282e-01
1.50198865e+00 1.15305528e-01
1.50912404e+00 1.20248549e-01
1.51625943e+00 1.25284851e-01
1.52339482e+00 1.30400136e-01
1.53053021e+00 1.35580420e-01
1.53766513e+00 1.40809879e-01
1.54480052e+00 1.46074578e-01
1.55193591e+00 1.51358262e-01
1.55907130e+00 1.56644627e-01
1.56620669e+00 1.61917925e-01
1.57334208e+00 1.67161867e-01
1.58047748e+00 1.72359630e-01
1.58761287e+00 1.77495033e-01
1.59474826e+00 1.82551041e-01
1.60188317e+00 1.87511399e-01
1.60901856e+00 1.92359611e-01
1.61615396e+00 1.97079673e-01
1.62328935e+00 2.01655298e-01
1.63042474e+00 2.06071049e-01
1.63756013e+00 2.10311368e-01
1.64469552e+00 2.14361355e-01
1.65183091e+00 2.18206689e-01
1.65896630e+00 2.21833542e-01
1.66610122e+00 2.25228190e-01
1.67323661e+00 2.28378952e-01
1.68037200e+00 2.31273517e-01
1.68750739e+00 2.33900934e-01
1.69464278e+00 2.36251146e-01
1.70177817e+00 2.38314763e-01
1.70891356e+00 2.40083411e-01
1.71604896e+00 2.41550058e-01
1.72318435e+00 2.42708057e-01
1.73031926e+00 2.43552357e-01
1.73745465e+00 2.44078875e-01
1.74459004e+00 2.44284347e-01
1.75172544e+00 2.44167149e-01
1.75886083e+00 2.43726313e-01
1.76599622e+00 2.42962345e-01
1.77313161e+00 2.41876885e-01
1.78026700e+00 2.40472600e-01
1.78740239e+00 2.38753408e-01
1.79453731e+00 2.36724392e-01
1.80167270e+00 2.34391704e-01
1.80880809e+00 2.31762305e-01
1.81594348e+00 2.28844792e-01
1.82307887e+00 2.25648448e-01
1.83021426e+00 2.22183630e-01
1.83734965e+00 2.18461454e-01
1.84448504e+00 2.14494228e-01
1.85162044e+00 2.10294962e-01
1.85875535e+00 2.05877647e-01
1.86589074e+00 2.01255903e-01
1.87302613e+00 1.96445420e-01
1.88016152e+00 1.91461802e-01
1.88729692e+00 1.86321065e-01
1.89443231e+00 1.81039661e-01
1.90156770e+00 1.75634921e-01
1.90870309e+00 1.70123443e-01
1.91583800e+00 1.64523169e-01
1.92297339e+00 1.58850610e-01
1.93010879e+00 1.53123423e-01
1.93724418e+00 1.47358894e-01
1.94437957e+00 1.41574219e-01
1.95151496e+00 1.35786057e-01
1.95865035e+00 1.30010694e-01
1.96578574e+00 1.24264598e-01
1.97292113e+00 1.18563183e-01
1.98005605e+00 1.12921551e-01
1.98719144e+00 1.07353657e-01
1.99432683e+00 1.01873435e-01
2.00146222e+00 9.64938551e-02
2.00859761e+00 9.12266374e-02
2.01573300e+00 8.60835314e-02
2.02286839e+00 8.10747370e-02
2.03000379e+00 7.62094259e-02
2.03713918e+00 7.14962929e-02
2.04427409e+00 6.69429600e-02
2.05140948e+00 6.25552982e-02
2.05854487e+00 5.83390035e-02
2.06568027e+00 5.42985015e-02
2.07281566e+00 5.04369587e-02
2.07995105e+00 4.67570946e-02
2.08708644e+00 4.32598926e-02
2.09422183e+00 3.99458520e-02
2.10135722e+00 3.68144847e-02
2.10849214e+00 3.38646285e-02
2.11562753e+00 3.10933851e-02
2.12276292e+00 2.84980293e-02
2.12989831e+00 2.60744877e-02
2.13703370e+00 2.38184053e-02
2.14416909e+00 2.17245910e-02
2.15130448e+00 1.97872519e-02
2.15843987e+00 1.80002749e-02
2.16557527e+00 1.63568631e-02
2.17271018e+00 1.48502858e-02
2.17984557e+00 1.34732565e-02
2.18698096e+00 1.22183561e-02
2.19411635e+00 1.10783372e-02
2.20125175e+00 1.00456253e-02
2.20838714e+00 9.11310315e-03
2.21552253e+00 8.27345252e-03
2.22265792e+00 7.51986820e-03
2.22979331e+00 6.84570661e-03
2.23692822e+00 6.24492718e-03
2.24406362e+00 5.71189821e-03
2.25119901e+00 5.24141174e-03
2.25833440e+00 4.82899370e-03
2.26546979e+00 4.47078655e-03
2.27260518e+00 4.16369503e-03
2.27974057e+00 3.90528562e-03
2.28687596e+00 3.69413756e-03
2.29401135e+00 3.52935097e-03
2.30114627e+00 3.41103668e-03
2.30828166e+00 3.34018515e-03
2.31541705e+00 3.31855519e-03
2.32255244e+00 3.34884948e-03
2.32968783e+00 3.43446457e-03
2.33682323e+00 3.57977138e-03
2.34395862e+00 3.78976832e-03
2.35109401e+00 4.07034531e-03
2.35822940e+00 4.42786375e-03
2.36536431e+00 4.86954255e-03
2.37249970e+00 5.40300040e-03
2.37963510e+00 6.03631325e-03
2.38677049e+00 6.77814661e-03
2.39390588e+00 7.63715245e-03
2.40104127e+00 8.62233527e-03
2.40817666e+00 9.74287465e-03
2.41531205e+00 1.10078231e-02
2.42244744e+00 1.24261221e-02
2.42958236e+00 1.40063725e-02
2.43671775e+00 1.57569461e-02
2.44385314e+00 1.76858399e-02
2.45098853e+00 1.97999142e-02
2.45812392e+00 2.21058000e-02
2.46525931e+00 2.46090200e-02
2.47239470e+00 2.73140166e-02
2.47953010e+00 3.02243475e-02
2.48666549e+00 3.33422497e-02
2.49380040e+00 3.66683938e-02
2.50093579e+00 4.02026214e-02
2.50807118e+00 4.39428017e-02
2.51520658e+00 4.78853285e-02
2.52234197e+00 5.20246923e-02
2.52947736e+00 5.63539751e-02
2.53661275e+00 6.08644150e-02
2.54374814e+00 6.55454695e-02
2.55088353e+00 7.03846961e-02
2.55801845e+00 7.53675699e-02
2.56515384e+00 8.04787055e-02
2.57228923e+00 8.57000798e-02
2.57942462e+00 9.10122693e-02
2.58656001e+00 9.63940620e-02
2.59369540e+00 1.01822823e-01
2.60083079e+00 1.07274629e-01
2.60796618e+00 1.12723842e-01
2.61510158e+00 1.18143842e-01
2.62223649e+00 1.23506725e-01
2.62937188e+00 1.28784761e-01
2.63650727e+00 1.33948222e-01
2.64364266e+00 1.38967872e-01
2.65077806e+00 1.43813372e-01
2.65791345e+00 1.48454994e-01
2.66504884e+00 1.52863085e-01
2.67218423e+00 1.57008603e-01
2.67931962e+00 1.60862893e-01
2.68645453e+00 1.64398283e-01
2.69358993e+00 1.67588890e-01
2.70072532e+00 1.70409843e-01
2.70786071e+00 1.72837958e-01
2.71499610e+00 1.74852252e-01
2.72213149e+00 1.76433921e-01
2.72926688e+00 1.77566707e-01
2.73640227e+00 1.78236648e-01
2.74353766e+00 1.78433046e-01
2.75067258e+00 1.78148210e-01
2.75780797e+00 1.77377284e-01
2.76494336e+00 1.76119164e-01
2.77207875e+00 1.74375668e-01
2.77921414e+00 1.72152504e-01
2.78634953e+00 1.69458747e-01
2.79348493e+00 1.66306958e-01
2.80062032e+00 1.62712991e-01
2.80775571e+00 1.58696383e-01
2.81489062e+00 1.54279962e-01
2.82202601e+00 1.49489209e-01
2.82916141e+00 1.44352973e-01
2.83629680e+00 1.38902843e-01
2.84343219e+00 1.33172810e-01
2.85056758e+00 1.27198875e-01
2.85770297e+00 1.21019289e-01
2.86483836e+00 1.14673480e-01
2.87197375e+00 1.08201906e-01
2.87910867e+00 1.01647109e-01
2.88624406e+00 9.50493515e-02
2.89337945e+00 8.84508193e-02
2.90051484e+00 8.18929300e-02
2.90765023e+00 7.54159391e-02
2.91478562e+00 6.90584928e-02
2.92192101e+00 6.28576949e-02
2.92905641e+00 5.68483956e-02
2.93619180e+00 5.10628149e-02
2.94332671e+00 4.55306657e-02
2.95046210e+00 4.02771644e-02
2.95759749e+00 3.53253260e-02
2.96473289e+00 3.06938719e-02
2.97186828e+00 2.63974518e-02
2.97900367e+00 2.24469677e-02
2.98613906e+00 1.88488271e-02
2.99327445e+00 1.56054199e-02
3.00040984e+00 1.27147948e-02
3.00754476e+00 1.01716593e-02
3.01468015e+00 7.96571001e-03
3.02181554e+00 6.08405005e-03
3.02895093e+00 4.51000500e-03
3.03608632e+00 3.22400010e-03
3.04322171e+00 2.20386917e-03
3.05035710e+00 1.42545835e-03
3.05749249e+00 8.62628396e-04
3.06462789e+00 4.88429680e-04
3.07176280e+00 2.75172351e-04
3.07889819e+00 1.94806504e-04
3.08603358e+00 2.20206348e-04
3.09316897e+00 3.24947207e-04
3.10030437e+00 4.83989657e-04
3.10743976e+00 6.74565788e-04
3.11457515e+00 8.75917438e-04
3.12171054e+00 1.07033399e-03
3.12884593e+00 1.24296546e-03
3.13598084e+00 1.38233078e-03
3.14311624e+00 1.48031383e-03
3.15025163e+00 1.53230515e-03
3.15738702e+00 1.53723091e-03
3.16452241e+00 1.49698462e-03
3.17165780e+00 1.41667400e-03
3.17879319e+00 1.30414881e-03
3.18592858e+00 1.16927538e-03
3.19306397e+00 1.02373725e-03
3.20019889e+00 8.80125561e-04
3.20733428e+00 7.50945765e-04
3.21446967e+00 6.48849644e-04
3.22160506e+00 5.84285706e-04
3.22874045e+00 5.66138478e-04
3.23587584e+00 5.99802646e-04
3.24301124e+00 6.86904474e-04
3.25014663e+00 8.24274495e-04
3.25728202e+00 1.00381952e-03
3.26441693e+00 1.21218339e-03
3.27155232e+00 1.43076922e-03
3.27868772e+00 1.63635181e-03
3.28582311e+00 1.80259987e-03
3.29295850e+00 1.90214266e-03
3.30009389e+00 1.90987554e-03
3.30722928e+00 1.80777663e-03
3.31436467e+00 1.59148278e-03
3.32150006e+00 1.27894140e-03
3.32863498e+00 9.21654690e-04
3.33577037e+00 6.19433355e-04
3.34290576e+00 5.38308581e-04
3.35004115e+00 9.33040516e-04
3.35717654e+00 2.17403169e-03
3.36431193e+00 4.77952790e-03
3.37144732e+00 9.45206452e-03
3.37858272e+00 1.71205662e-02
3.38571811e+00 2.89834142e-02
3.39285302e+00 4.65527624e-02
3.39998841e+00 7.17012435e-02
3.40712380e+00 1.06678084e-01
3.41425920e+00 1.54122084e-01
3.42139459e+00 2.17015907e-01
3.42852998e+00 2.98570246e-01
3.43566537e+00 4.01986182e-01
3.44280076e+00 5.30034006e-01
3.44993615e+00 6.84375942e-01
3.45707107e+00 8.64652693e-01
3.46420646e+00 1.06829381e+00
3.47134185e+00 1.29964733e+00
3.47847724e+00 1.76464164e+00
3.48561263e+00 0.00000000e+00
3.49274802e+00 0.00000000e+00
3.49988341e+00 0.00000000e+00
3.50701880e+00 0.00000000e+00
3.51415420e+00 0.00000000e+00
3.52128911e+00 0.00000000e+00
3.52842450e+00 0.00000000e+00
3.53555989e+00 0.00000000e+00
3.54269528e+00 0.00000000e+00
3.54983068e+00 0.00000000e+00
3.55696607e+00 0.00000000e+00
3.56410146e+00 0.00000000e+00
